1 0 1 1 3 3
1 1 1 0 3 3
1 0 1 1 3 3
1 1 1 3 3 2
1 0 1 1 3 3
1 1 1 6 3 1
1 0 1 1 3 3
1 1 1 9 3 0
1 0 1 1 3 3
1 2 1 5 3 1
1 0 1 1 3 3
1 2 1 8 3 0
1 0 1 1 3 3
1 3 1 4 3 1
1 0 1 1 3 3
1 3 1 7 3 0
1 0 1 1 3 3
1 4 1 3 3 1
1 0 1 1 3 3
1 4 1 6 3 0
1 0 1 1 3 3
1 5 1 2 3 1
1 0 1 1 3 3
1 5 1 5 3 0
1 0 1 1 3 3
1 6 1 1 3 1
1 0 1 1 3 3
1 6 1 4 3 0
1 0 1 1 3 3
1 7 1 0 3 1
1 0 1 1 3 3
1 7 1 3 3 0
1 0 1 1 3 3
1 8 1 2 3 0
1 0 1 1 3 3
1 9 1 1 3 0
1 0 1 4 3 2
1 1 1 0 3 3
1 0 1 4 3 2
1 1 1 3 3 2
1 0 1 4 3 2
1 1 1 6 3 1
1 0 1 4 3 2
1 1 1 9 3 0
1 0 1 4 3 2
1 2 1 2 3 2
1 0 1 4 3 2
1 2 1 8 3 0
1 0 1 4 3 2
1 3 1 1 3 2
1 0 1 4 3 2
1 3 1 4 3 1
1 0 1 4 3 2
1 3 1 7 3 0
1 0 1 4 3 2
1 4 1 0 3 2
1 0 1 4 3 2
1 4 1 3 3 1
1 0 1 4 3 2
1 4 1 6 3 0
1 0 1 4 3 2
1 5 1 2 3 1
1 0 1 4 3 2
1 6 1 1 3 1
1 0 1 4 3 2
1 7 1 0 3 1
1 0 1 4 3 2
1 7 1 3 3 0
1 0 1 4 3 2
1 8 1 2 3 0
1 0 1 7 3 1
1 1 1 0 3 3
1 0 1 7 3 1
1 1 1 3 3 2
1 0 1 7 3 1
1 1 1 6 3 1
1 0 1 7 3 1
1 1 1 9 3 0
1 0 1 7 3 1
1 2 1 2 3 2
1 0 1 7 3 1
1 2 1 5 3 1
1 0 1 7 3 1
1 2 1 8 3 0
1 0 1 7 3 1
1 3 1 1 3 2
1 0 1 7 3 1
1 3 1 4 3 1
1 0 1 7 3 1
1 3 1 7 3 0
1 0 1 7 3 1
1 4 1 0 3 2
1 0 1 7 3 1
1 4 1 3 3 1
1 0 1 7 3 1
1 4 1 6 3 0
1 0 1 7 3 1
1 5 1 2 3 1
1 0 1 7 3 1
1 5 1 5 3 0
1 0 1 7 3 1
1 6 1 1 3 1
1 0 1 7 3 1
1 7 1 0 3 1
1 0 1 7 3 1
1 8 1 2 3 0
1 0 1 7 3 1
1 9 1 1 3 0
1 0 1 10 3 0
1 1 1 3 3 2
1 0 1 10 3 0
1 1 1 6 3 1
1 0 1 10 3 0
1 2 1 2 3 2
1 0 1 10 3 0
1 2 1 5 3 1
1 0 1 10 3 0
1 3 1 1 3 2
1 0 1 10 3 0
1 3 1 4 3 1
1 0 1 10 3 0
1 4 1 3 3 1
1 0 1 10 3 0
1 5 1 2 3 1
1 0 1 10 3 0
1 6 1 1 3 1
1 1 1 0 3 3
1 0 1 1 3 3
1 1 1 0 3 3
1 0 1 4 3 2
1 1 1 0 3 3
1 0 1 7 3 1
1 1 1 0 3 3
1 1 1 6 3 1
1 1 1 0 3 3
1 1 1 9 3 0
1 1 1 0 3 3
1 2 1 2 3 2
1 1 1 0 3 3
1 2 1 5 3 1
1 1 1 0 3 3
1 3 1 1 3 2
1 1 1 0 3 3
1 3 1 4 3 1
1 1 1 0 3 3
1 3 1 7 3 0
1 1 1 0 3 3
1 4 1 3 3 1
1 1 1 0 3 3
1 4 1 6 3 0
1 1 1 0 3 3
1 5 1 2 3 1
1 1 1 0 3 3
1 5 1 5 3 0
1 1 1 0 3 3
1 6 1 1 3 1
1 1 1 0 3 3
1 6 1 4 3 0
1 1 1 0 3 3
1 7 1 3 3 0
1 1 1 0 3 3
1 8 1 2 3 0
1 1 1 0 3 3
1 9 1 1 3 0
1 1 1 3 3 2
1 0 1 1 3 3
1 1 1 3 3 2
1 0 1 4 3 2
1 1 1 3 3 2
1 0 1 7 3 1
1 1 1 3 3 2
1 0 1 10 3 0
1 1 1 3 3 2
1 1 1 3 3 2
1 1 1 3 3 2
1 1 1 6 3 1
1 1 1 3 3 2
1 1 1 9 3 0
1 1 1 3 3 2
1 2 1 2 3 2
1 1 1 3 3 2
1 2 1 5 3 1
1 1 1 3 3 2
1 2 1 8 3 0
1 1 1 3 3 2
1 3 1 1 3 2
1 1 1 3 3 2
1 3 1 4 3 1
1 1 1 3 3 2
1 3 1 7 3 0
1 1 1 3 3 2
1 4 1 0 3 2
1 1 1 3 3 2
1 4 1 3 3 1
1 1 1 3 3 2
1 4 1 6 3 0
1 1 1 3 3 2
1 5 1 2 3 1
1 1 1 3 3 2
1 6 1 1 3 1
1 1 1 3 3 2
1 6 1 4 3 0
1 1 1 3 3 2
1 7 1 0 3 1
1 1 1 3 3 2
1 7 1 3 3 0
1 1 1 3 3 2
1 8 1 2 3 0
1 1 1 3 3 2
1 9 1 1 3 0
1 1 1 6 3 1
1 0 1 1 3 3
1 1 1 6 3 1
1 0 1 4 3 2
1 1 1 6 3 1
1 0 1 7 3 1
1 1 1 6 3 1
1 0 1 10 3 0
1 1 1 6 3 1
1 1 1 0 3 3
1 1 1 6 3 1
1 1 1 3 3 2
1 1 1 6 3 1
1 1 1 6 3 1
1 1 1 6 3 1
1 1 1 9 3 0
1 1 1 6 3 1
1 2 1 2 3 2
1 1 1 6 3 1
1 2 1 5 3 1
1 1 1 6 3 1
1 2 1 8 3 0
1 1 1 6 3 1
1 3 1 4 3 1
1 1 1 6 3 1
1 3 1 7 3 0
1 1 1 6 3 1
1 4 1 0 3 2
1 1 1 6 3 1
1 4 1 6 3 0
1 1 1 6 3 1
1 5 1 2 3 1
1 1 1 6 3 1
1 5 1 5 3 0
1 1 1 6 3 1
1 6 1 1 3 1
1 1 1 6 3 1
1 6 1 4 3 0
1 1 1 6 3 1
1 7 1 0 3 1
1 1 1 6 3 1
1 7 1 3 3 0
1 1 1 6 3 1
1 9 1 1 3 0
1 1 1 6 3 1
1 10 1 0 3 0
1 1 1 9 3 0
1 0 1 1 3 3
1 1 1 9 3 0
1 0 1 4 3 2
1 1 1 9 3 0
1 0 1 7 3 1
1 1 1 9 3 0
1 1 1 0 3 3
1 1 1 9 3 0
1 1 1 3 3 2
1 1 1 9 3 0
1 1 1 6 3 1
1 1 1 9 3 0
1 2 1 2 3 2
1 1 1 9 3 0
1 2 1 5 3 1
1 1 1 9 3 0
1 3 1 1 3 2
1 1 1 9 3 0
1 3 1 4 3 1
1 1 1 9 3 0
1 4 1 0 3 2
1 1 1 9 3 0
1 4 1 3 3 1
1 1 1 9 3 0
1 5 1 2 3 1
1 1 1 9 3 0
1 6 1 1 3 1
1 1 1 9 3 0
1 7 1 0 3 1
1 2 1 2 3 2
1 0 1 4 3 2
1 2 1 2 3 2
1 0 1 7 3 1
1 2 1 2 3 2
1 0 1 10 3 0
1 2 1 2 3 2
1 1 1 0 3 3
1 2 1 2 3 2
1 1 1 3 3 2
1 2 1 2 3 2
1 1 1 6 3 1
1 2 1 2 3 2
1 1 1 9 3 0
1 2 1 2 3 2
1 2 1 2 3 2
1 2 1 2 3 2
1 2 1 5 3 1
1 2 1 2 3 2
1 2 1 8 3 0
1 2 1 2 3 2
1 3 1 1 3 2
1 2 1 2 3 2
1 3 1 4 3 1
1 2 1 2 3 2
1 3 1 7 3 0
1 2 1 2 3 2
1 4 1 0 3 2
1 2 1 2 3 2
1 4 1 3 3 1
1 2 1 2 3 2
1 4 1 6 3 0
1 2 1 2 3 2
1 5 1 2 3 1
1 2 1 2 3 2
1 5 1 5 3 0
1 2 1 2 3 2
1 6 1 1 3 1
1 2 1 2 3 2
1 6 1 4 3 0
1 2 1 2 3 2
1 7 1 0 3 1
1 2 1 2 3 2
1 8 1 2 3 0
1 2 1 2 3 2
1 9 1 1 3 0
1 2 1 5 3 1
1 0 1 1 3 3
1 2 1 5 3 1
1 0 1 4 3 2
1 2 1 5 3 1
1 0 1 7 3 1
1 2 1 5 3 1
1 0 1 10 3 0
1 2 1 5 3 1
1 1 1 0 3 3
1 2 1 5 3 1
1 1 1 6 3 1
1 2 1 5 3 1
1 1 1 9 3 0
1 2 1 5 3 1
1 2 1 2 3 2
1 2 1 5 3 1
1 2 1 5 3 1
1 2 1 5 3 1
1 2 1 8 3 0
1 2 1 5 3 1
1 3 1 1 3 2
1 2 1 5 3 1
1 3 1 4 3 1
1 2 1 5 3 1
1 3 1 7 3 0
1 2 1 5 3 1
1 4 1 0 3 2
1 2 1 5 3 1
1 4 1 3 3 1
1 2 1 5 3 1
1 4 1 6 3 0
1 2 1 5 3 1
1 5 1 2 3 1
1 2 1 5 3 1
1 5 1 5 3 0
1 2 1 5 3 1
1 6 1 4 3 0
1 2 1 5 3 1
1 7 1 0 3 1
1 2 1 5 3 1
1 7 1 3 3 0
1 2 1 5 3 1
1 8 1 2 3 0
1 2 1 5 3 1
1 9 1 1 3 0
1 2 1 5 3 1
1 10 1 0 3 0
1 2 1 8 3 0
1 0 1 1 3 3
1 2 1 8 3 0
1 0 1 4 3 2
1 2 1 8 3 0
1 0 1 7 3 1
1 2 1 8 3 0
1 1 1 3 3 2
1 2 1 8 3 0
1 1 1 6 3 1
1 2 1 8 3 0
1 2 1 2 3 2
1 2 1 8 3 0
1 2 1 5 3 1
1 2 1 8 3 0
1 3 1 1 3 2
1 2 1 8 3 0
1 3 1 4 3 1
1 2 1 8 3 0
1 4 1 0 3 2
1 2 1 8 3 0
1 4 1 3 3 1
1 2 1 8 3 0
1 5 1 2 3 1
1 2 1 8 3 0
1 6 1 1 3 1
1 2 1 8 3 0
1 7 1 0 3 1
1 3 1 1 3 2
1 0 1 4 3 2
1 3 1 1 3 2
1 0 1 7 3 1
1 3 1 1 3 2
1 0 1 10 3 0
1 3 1 1 3 2
1 1 1 0 3 3
1 3 1 1 3 2
1 1 1 3 3 2
1 3 1 1 3 2
1 1 1 9 3 0
1 3 1 1 3 2
1 2 1 2 3 2
1 3 1 1 3 2
1 2 1 5 3 1
1 3 1 1 3 2
1 2 1 8 3 0
1 3 1 1 3 2
1 3 1 1 3 2
1 3 1 1 3 2
1 3 1 4 3 1
1 3 1 1 3 2
1 3 1 7 3 0
1 3 1 1 3 2
1 4 1 0 3 2
1 3 1 1 3 2
1 4 1 3 3 1
1 3 1 1 3 2
1 4 1 6 3 0
1 3 1 1 3 2
1 5 1 2 3 1
1 3 1 1 3 2
1 5 1 5 3 0
1 3 1 1 3 2
1 6 1 1 3 1
1 3 1 1 3 2
1 7 1 0 3 1
1 3 1 1 3 2
1 7 1 3 3 0
1 3 1 1 3 2
1 8 1 2 3 0
1 3 1 1 3 2
1 9 1 1 3 0
1 3 1 1 3 2
1 10 1 0 3 0
1 3 1 4 3 1
1 0 1 1 3 3
1 3 1 4 3 1
1 0 1 4 3 2
1 3 1 4 3 1
1 0 1 7 3 1
1 3 1 4 3 1
1 0 1 10 3 0
1 3 1 4 3 1
1 1 1 0 3 3
1 3 1 4 3 1
1 1 1 6 3 1
1 3 1 4 3 1
1 1 1 9 3 0
1 3 1 4 3 1
1 2 1 2 3 2
1 3 1 4 3 1
1 2 1 5 3 1
1 3 1 4 3 1
1 2 1 8 3 0
1 3 1 4 3 1
1 3 1 1 3 2
1 3 1 4 3 1
1 3 1 7 3 0
1 3 1 4 3 1
1 4 1 0 3 2
1 3 1 4 3 1
1 4 1 3 3 1
1 3 1 4 3 1
1 4 1 6 3 0
1 3 1 4 3 1
1 5 1 2 3 1
1 3 1 4 3 1
1 6 1 1 3 1
1 3 1 4 3 1
1 6 1 4 3 0
1 3 1 4 3 1
1 7 1 0 3 1
1 3 1 4 3 1
1 7 1 3 3 0
1 3 1 4 3 1
1 8 1 2 3 0
1 3 1 4 3 1
1 9 1 1 3 0
1 3 1 4 3 1
1 10 1 0 3 0
1 3 1 7 3 0
1 0 1 1 3 3
1 3 1 7 3 0
1 0 1 4 3 2
1 3 1 7 3 0
1 0 1 7 3 1
1 3 1 7 3 0
1 1 1 0 3 3
1 3 1 7 3 0
1 1 1 3 3 2
1 3 1 7 3 0
1 1 1 6 3 1
1 3 1 7 3 0
1 2 1 2 3 2
1 3 1 7 3 0
1 3 1 1 3 2
1 3 1 7 3 0
1 3 1 4 3 1
1 3 1 7 3 0
1 4 1 0 3 2
1 3 1 7 3 0
1 4 1 3 3 1
1 3 1 7 3 0
1 5 1 2 3 1
1 3 1 7 3 0
1 6 1 1 3 1
1 3 1 7 3 0
1 7 1 0 3 1
1 4 1 0 3 2
1 0 1 4 3 2
1 4 1 0 3 2
1 0 1 7 3 1
1 4 1 0 3 2
1 1 1 3 3 2
1 4 1 0 3 2
1 1 1 6 3 1
1 4 1 0 3 2
1 1 1 9 3 0
1 4 1 0 3 2
1 2 1 2 3 2
1 4 1 0 3 2
1 2 1 5 3 1
1 4 1 0 3 2
1 2 1 8 3 0
1 4 1 0 3 2
1 3 1 1 3 2
1 4 1 0 3 2
1 3 1 4 3 1
1 4 1 0 3 2
1 3 1 7 3 0
1 4 1 0 3 2
1 4 1 3 3 1
1 4 1 0 3 2
1 4 1 6 3 0
1 4 1 0 3 2
1 5 1 2 3 1
1 4 1 0 3 2
1 5 1 5 3 0
1 4 1 0 3 2
1 6 1 1 3 1
1 4 1 0 3 2
1 6 1 4 3 0
1 4 1 0 3 2
1 7 1 3 3 0
1 4 1 0 3 2
1 9 1 1 3 0
1 4 1 3 3 1
1 0 1 1 3 3
1 4 1 3 3 1
1 0 1 4 3 2
1 4 1 3 3 1
1 0 1 7 3 1
1 4 1 3 3 1
1 0 1 10 3 0
1 4 1 3 3 1
1 1 1 0 3 3
1 4 1 3 3 1
1 1 1 3 3 2
1 4 1 3 3 1
1 1 1 9 3 0
1 4 1 3 3 1
1 2 1 2 3 2
1 4 1 3 3 1
1 2 1 5 3 1
1 4 1 3 3 1
1 2 1 8 3 0
1 4 1 3 3 1
1 3 1 1 3 2
1 4 1 3 3 1
1 3 1 4 3 1
1 4 1 3 3 1
1 3 1 7 3 0
1 4 1 3 3 1
1 4 1 0 3 2
1 4 1 3 3 1
1 4 1 3 3 1
1 4 1 3 3 1
1 4 1 6 3 0
1 4 1 3 3 1
1 5 1 2 3 1
1 4 1 3 3 1
1 5 1 5 3 0
1 4 1 3 3 1
1 6 1 1 3 1
1 4 1 3 3 1
1 6 1 4 3 0
1 4 1 3 3 1
1 7 1 0 3 1
1 4 1 3 3 1
1 7 1 3 3 0
1 4 1 3 3 1
1 8 1 2 3 0
1 4 1 6 3 0
1 0 1 1 3 3
1 4 1 6 3 0
1 0 1 4 3 2
1 4 1 6 3 0
1 0 1 7 3 1
1 4 1 6 3 0
1 1 1 0 3 3
1 4 1 6 3 0
1 1 1 3 3 2
1 4 1 6 3 0
1 1 1 6 3 1
1 4 1 6 3 0
1 2 1 2 3 2
1 4 1 6 3 0
1 2 1 5 3 1
1 4 1 6 3 0
1 3 1 1 3 2
1 4 1 6 3 0
1 3 1 4 3 1
1 4 1 6 3 0
1 4 1 0 3 2
1 4 1 6 3 0
1 4 1 3 3 1
1 4 1 6 3 0
1 5 1 2 3 1
1 4 1 6 3 0
1 6 1 1 3 1
1 4 1 6 3 0
1 7 1 0 3 1
1 5 1 2 3 1
1 0 1 1 3 3
1 5 1 2 3 1
1 0 1 4 3 2
1 5 1 2 3 1
1 0 1 7 3 1
1 5 1 2 3 1
1 0 1 10 3 0
1 5 1 2 3 1
1 1 1 0 3 3
1 5 1 2 3 1
1 1 1 3 3 2
1 5 1 2 3 1
1 1 1 6 3 1
1 5 1 2 3 1
1 1 1 9 3 0
1 5 1 2 3 1
1 2 1 2 3 2
1 5 1 2 3 1
1 2 1 8 3 0
1 5 1 2 3 1
1 3 1 1 3 2
1 5 1 2 3 1
1 3 1 7 3 0
1 5 1 2 3 1
1 4 1 0 3 2
1 5 1 2 3 1
1 4 1 3 3 1
1 5 1 2 3 1
1 4 1 6 3 0
1 5 1 2 3 1
1 5 1 2 3 1
1 5 1 2 3 1
1 6 1 1 3 1
1 5 1 2 3 1
1 7 1 0 3 1
1 5 1 2 3 1
1 7 1 3 3 0
1 5 1 2 3 1
1 8 1 2 3 0
1 5 1 2 3 1
1 10 1 0 3 0
1 5 1 5 3 0
1 0 1 1 3 3
1 5 1 5 3 0
1 0 1 7 3 1
1 5 1 5 3 0
1 1 1 0 3 3
1 5 1 5 3 0
1 1 1 6 3 1
1 5 1 5 3 0
1 2 1 5 3 1
1 5 1 5 3 0
1 3 1 1 3 2
1 5 1 5 3 0
1 3 1 4 3 1
1 5 1 5 3 0
1 4 1 0 3 2
1 5 1 5 3 0
1 4 1 3 3 1
1 5 1 5 3 0
1 5 1 2 3 1
1 5 1 5 3 0
1 6 1 1 3 1
1 5 1 5 3 0
1 7 1 0 3 1
1 6 1 1 3 1
1 0 1 1 3 3
1 6 1 1 3 1
1 0 1 4 3 2
1 6 1 1 3 1
1 0 1 7 3 1
1 6 1 1 3 1
1 0 1 10 3 0
1 6 1 1 3 1
1 1 1 0 3 3
1 6 1 1 3 1
1 1 1 3 3 2
1 6 1 1 3 1
1 1 1 6 3 1
1 6 1 1 3 1
1 1 1 9 3 0
1 6 1 1 3 1
1 2 1 2 3 2
1 6 1 1 3 1
1 2 1 5 3 1
1 6 1 1 3 1
1 2 1 8 3 0
1 6 1 1 3 1
1 3 1 1 3 2
1 6 1 1 3 1
1 3 1 4 3 1
1 6 1 1 3 1
1 3 1 7 3 0
1 6 1 1 3 1
1 4 1 0 3 2
1 6 1 1 3 1
1 4 1 3 3 1
1 6 1 1 3 1
1 4 1 6 3 0
1 6 1 1 3 1
1 5 1 2 3 1
1 6 1 1 3 1
1 6 1 4 3 0
1 6 1 1 3 1
1 7 1 0 3 1
1 6 1 1 3 1
1 7 1 3 3 0
1 6 1 1 3 1
1 8 1 2 3 0
1 6 1 1 3 1
1 9 1 1 3 0
1 6 1 1 3 1
1 10 1 0 3 0
1 6 1 4 3 0
1 0 1 1 3 3
1 6 1 4 3 0
1 1 1 0 3 3
1 6 1 4 3 0
1 1 1 3 3 2
1 6 1 4 3 0
1 1 1 6 3 1
1 6 1 4 3 0
1 2 1 2 3 2
1 6 1 4 3 0
1 2 1 5 3 1
1 6 1 4 3 0
1 3 1 4 3 1
1 6 1 4 3 0
1 4 1 0 3 2
1 6 1 4 3 0
1 4 1 3 3 1
1 6 1 4 3 0
1 5 1 2 3 1
1 6 1 4 3 0
1 6 1 1 3 1
1 6 1 4 3 0
1 7 1 0 3 1
1 7 1 0 3 1
1 0 1 1 3 3
1 7 1 0 3 1
1 0 1 4 3 2
1 7 1 0 3 1
1 0 1 7 3 1
1 7 1 0 3 1
1 1 1 6 3 1
1 7 1 0 3 1
1 2 1 2 3 2
1 7 1 0 3 1
1 2 1 5 3 1
1 7 1 0 3 1
1 2 1 8 3 0
1 7 1 0 3 1
1 3 1 1 3 2
1 7 1 0 3 1
1 3 1 4 3 1
1 7 1 0 3 1
1 3 1 7 3 0
1 7 1 0 3 1
1 4 1 3 3 1
1 7 1 0 3 1
1 4 1 6 3 0
1 7 1 0 3 1
1 5 1 2 3 1
1 7 1 0 3 1
1 5 1 5 3 0
1 7 1 0 3 1
1 6 1 1 3 1
1 7 1 0 3 1
1 6 1 4 3 0
1 7 1 0 3 1
1 7 1 3 3 0
1 7 1 0 3 1
1 8 1 2 3 0
1 7 1 0 3 1
1 9 1 1 3 0
1 7 1 3 3 0
1 0 1 4 3 2
1 7 1 3 3 0
1 1 1 0 3 3
1 7 1 3 3 0
1 1 1 3 3 2
1 7 1 3 3 0
1 1 1 6 3 1
1 7 1 3 3 0
1 2 1 5 3 1
1 7 1 3 3 0
1 3 1 1 3 2
1 7 1 3 3 0
1 3 1 4 3 1
1 7 1 3 3 0
1 4 1 0 3 2
1 7 1 3 3 0
1 4 1 3 3 1
1 7 1 3 3 0
1 5 1 2 3 1
1 7 1 3 3 0
1 6 1 1 3 1
1 7 1 3 3 0
1 7 1 0 3 1
1 8 1 2 3 0
1 0 1 1 3 3
1 8 1 2 3 0
1 0 1 4 3 2
1 8 1 2 3 0
1 0 1 7 3 1
1 8 1 2 3 0
1 1 1 0 3 3
1 8 1 2 3 0
1 1 1 3 3 2
1 8 1 2 3 0
1 2 1 2 3 2
1 8 1 2 3 0
1 2 1 5 3 1
1 8 1 2 3 0
1 3 1 1 3 2
1 8 1 2 3 0
1 3 1 4 3 1
1 8 1 2 3 0
1 4 1 3 3 1
1 8 1 2 3 0
1 5 1 2 3 1
1 8 1 2 3 0
1 6 1 1 3 1
1 8 1 2 3 0
1 7 1 0 3 1
1 9 1 1 3 0
1 0 1 1 3 3
1 9 1 1 3 0
1 0 1 7 3 1
1 9 1 1 3 0
1 1 1 0 3 3
1 9 1 1 3 0
1 1 1 3 3 2
1 9 1 1 3 0
1 1 1 6 3 1
1 9 1 1 3 0
1 2 1 2 3 2
1 9 1 1 3 0
1 2 1 5 3 1
1 9 1 1 3 0
1 3 1 1 3 2
1 9 1 1 3 0
1 3 1 4 3 1
1 9 1 1 3 0
1 4 1 0 3 2
1 9 1 1 3 0
1 5 1 2 3 1
1 9 1 1 3 0
1 6 1 1 3 1
1 9 1 1 3 0
1 7 1 0 3 1
1 10 1 0 3 0
1 1 1 3 3 2
1 10 1 0 3 0
1 1 1 6 3 1
1 10 1 0 3 0
1 2 1 2 3 2
1 10 1 0 3 0
1 2 1 5 3 1
1 10 1 0 3 0
1 3 1 1 3 2
1 10 1 0 3 0
1 3 1 4 3 1
1 10 1 0 3 0
1 5 1 2 3 1
1 10 1 0 3 0
1 6 1 1 3 1
1 0 2 0 2 5
1 2 2 1 2 3
1 0 2 0 2 5
1 2 2 2 2 2
1 0 2 0 2 5
1 2 2 3 2 1
1 0 2 0 2 5
1 4 2 1 2 2
1 0 2 0 2 5
1 4 2 2 2 1
1 0 2 0 2 5
1 6 2 1 2 1
1 0 2 1 2 4
1 2 2 0 2 4
1 0 2 1 2 4
1 2 2 1 2 3
1 0 2 1 2 4
1 2 2 2 2 2
1 0 2 1 2 4
1 2 2 3 2 1
1 0 2 1 2 4
1 2 2 4 2 0
1 0 2 1 2 4
1 4 2 0 2 3
1 0 2 1 2 4
1 4 2 1 2 2
1 0 2 1 2 4
1 4 2 3 2 0
1 0 2 1 2 4
1 6 2 0 2 2
1 0 2 1 2 4
1 6 2 1 2 1
1 0 2 1 2 4
1 6 2 2 2 0
1 0 2 1 2 4
1 8 2 0 2 1
1 0 2 1 2 4
1 8 2 1 2 0
1 0 2 2 2 3
1 2 2 0 2 4
1 0 2 2 2 3
1 2 2 1 2 3
1 0 2 2 2 3
1 2 2 2 2 2
1 0 2 2 2 3
1 4 2 0 2 3
1 0 2 2 2 3
1 4 2 1 2 2
1 0 2 2 2 3
1 4 2 2 2 1
1 0 2 2 2 3
1 4 2 3 2 0
1 0 2 2 2 3
1 6 2 0 2 2
1 0 2 2 2 3
1 6 2 1 2 1
1 0 2 2 2 3
1 8 2 0 2 1
1 0 2 3 2 2
1 2 2 0 2 4
1 0 2 3 2 2
1 2 2 2 2 2
1 0 2 3 2 2
1 2 2 3 2 1
1 0 2 3 2 2
1 2 2 4 2 0
1 0 2 3 2 2
1 4 2 0 2 3
1 0 2 3 2 2
1 4 2 1 2 2
1 0 2 3 2 2
1 4 2 2 2 1
1 0 2 3 2 2
1 4 2 3 2 0
1 0 2 3 2 2
1 6 2 0 2 2
1 0 2 3 2 2
1 6 2 1 2 1
1 0 2 3 2 2
1 6 2 2 2 0
1 0 2 3 2 2
1 8 2 0 2 1
1 0 2 3 2 2
1 8 2 1 2 0
1 0 2 4 2 1
1 2 2 0 2 4
1 0 2 4 2 1
1 2 2 1 2 3
1 0 2 4 2 1
1 2 2 2 2 2
1 0 2 4 2 1
1 2 2 4 2 0
1 0 2 4 2 1
1 4 2 0 2 3
1 0 2 4 2 1
1 4 2 1 2 2
1 0 2 4 2 1
1 4 2 2 2 1
1 0 2 4 2 1
1 4 2 3 2 0
1 0 2 4 2 1
1 6 2 0 2 2
1 0 2 4 2 1
1 6 2 1 2 1
1 0 2 4 2 1
1 6 2 2 2 0
1 0 2 4 2 1
1 8 2 0 2 1
1 0 2 5 2 0
1 2 2 1 2 3
1 0 2 5 2 0
1 2 2 3 2 1
1 0 2 5 2 0
1 4 2 1 2 2
1 0 2 5 2 0
1 4 2 2 2 1
1 2 2 0 2 4
1 0 2 1 2 4
1 2 2 0 2 4
1 0 2 2 2 3
1 2 2 0 2 4
1 0 2 3 2 2
1 2 2 0 2 4
1 2 2 3 2 1
1 2 2 0 2 4
1 2 2 4 2 0
1 2 2 0 2 4
1 4 2 1 2 2
1 2 2 0 2 4
1 4 2 2 2 1
1 2 2 0 2 4
1 4 2 3 2 0
1 2 2 0 2 4
1 6 2 1 2 1
1 2 2 0 2 4
1 6 2 2 2 0
1 2 2 0 2 4
1 8 2 1 2 0
1 2 2 1 2 3
1 0 2 0 2 5
1 2 2 1 2 3
1 0 2 1 2 4
1 2 2 1 2 3
1 0 2 3 2 2
1 2 2 1 2 3
1 0 2 4 2 1
1 2 2 1 2 3
1 0 2 5 2 0
1 2 2 1 2 3
1 2 2 1 2 3
1 2 2 1 2 3
1 2 2 2 2 2
1 2 2 1 2 3
1 2 2 4 2 0
1 2 2 1 2 3
1 4 2 0 2 3
1 2 2 1 2 3
1 4 2 1 2 2
1 2 2 1 2 3
1 4 2 2 2 1
1 2 2 1 2 3
1 4 2 3 2 0
1 2 2 1 2 3
1 6 2 0 2 2
1 2 2 1 2 3
1 6 2 1 2 1
1 2 2 1 2 3
1 6 2 2 2 0
1 2 2 1 2 3
1 8 2 0 2 1
1 2 2 1 2 3
1 8 2 1 2 0
1 2 2 1 2 3
1 10 2 0 2 0
1 2 2 2 2 2
1 0 2 0 2 5
1 2 2 2 2 2
1 0 2 2 2 3
1 2 2 2 2 2
1 0 2 3 2 2
1 2 2 2 2 2
1 0 2 4 2 1
1 2 2 2 2 2
1 2 2 1 2 3
1 2 2 2 2 2
1 2 2 2 2 2
1 2 2 2 2 2
1 2 2 3 2 1
1 2 2 2 2 2
1 2 2 4 2 0
1 2 2 2 2 2
1 4 2 0 2 3
1 2 2 2 2 2
1 4 2 1 2 2
1 2 2 2 2 2
1 4 2 2 2 1
1 2 2 2 2 2
1 4 2 3 2 0
1 2 2 2 2 2
1 6 2 0 2 2
1 2 2 2 2 2
1 6 2 2 2 0
1 2 2 2 2 2
1 8 2 0 2 1
1 2 2 2 2 2
1 8 2 1 2 0
1 2 2 2 2 2
1 10 2 0 2 0
1 2 2 3 2 1
1 0 2 1 2 4
1 2 2 3 2 1
1 0 2 3 2 2
1 2 2 3 2 1
1 0 2 5 2 0
1 2 2 3 2 1
1 2 2 0 2 4
1 2 2 3 2 1
1 2 2 2 2 2
1 2 2 3 2 1
1 2 2 3 2 1
1 2 2 3 2 1
1 2 2 4 2 0
1 2 2 3 2 1
1 4 2 1 2 2
1 2 2 3 2 1
1 4 2 2 2 1
1 2 2 3 2 1
1 4 2 3 2 0
1 2 2 3 2 1
1 6 2 0 2 2
1 2 2 3 2 1
1 6 2 1 2 1
1 2 2 3 2 1
1 6 2 2 2 0
1 2 2 3 2 1
1 8 2 0 2 1
1 2 2 3 2 1
1 10 2 0 2 0
1 2 2 4 2 0
1 0 2 1 2 4
1 2 2 4 2 0
1 0 2 3 2 2
1 2 2 4 2 0
1 0 2 4 2 1
1 2 2 4 2 0
1 2 2 0 2 4
1 2 2 4 2 0
1 2 2 1 2 3
1 2 2 4 2 0
1 2 2 2 2 2
1 2 2 4 2 0
1 2 2 3 2 1
1 2 2 4 2 0
1 4 2 0 2 3
1 2 2 4 2 0
1 4 2 1 2 2
1 2 2 4 2 0
1 4 2 2 2 1
1 2 2 4 2 0
1 6 2 0 2 2
1 2 2 4 2 0
1 6 2 1 2 1
1 2 2 4 2 0
1 8 2 0 2 1
1 4 2 0 2 3
1 0 2 1 2 4
1 4 2 0 2 3
1 0 2 2 2 3
1 4 2 0 2 3
1 0 2 4 2 1
1 4 2 0 2 3
1 2 2 1 2 3
1 4 2 0 2 3
1 2 2 2 2 2
1 4 2 0 2 3
1 2 2 3 2 1
1 4 2 0 2 3
1 2 2 4 2 0
1 4 2 0 2 3
1 4 2 1 2 2
1 4 2 0 2 3
1 4 2 2 2 1
1 4 2 0 2 3
1 6 2 1 2 1
1 4 2 0 2 3
1 6 2 2 2 0
1 4 2 0 2 3
1 8 2 1 2 0
1 4 2 1 2 2
1 0 2 0 2 5
1 4 2 1 2 2
1 0 2 1 2 4
1 4 2 1 2 2
1 0 2 2 2 3
1 4 2 1 2 2
1 0 2 3 2 2
1 4 2 1 2 2
1 0 2 5 2 0
1 4 2 1 2 2
1 2 2 0 2 4
1 4 2 1 2 2
1 2 2 1 2 3
1 4 2 1 2 2
1 2 2 2 2 2
1 4 2 1 2 2
1 2 2 3 2 1
1 4 2 1 2 2
1 2 2 4 2 0
1 4 2 1 2 2
1 4 2 0 2 3
1 4 2 1 2 2
1 4 2 1 2 2
1 4 2 1 2 2
1 4 2 2 2 1
1 4 2 1 2 2
1 4 2 3 2 0
1 4 2 1 2 2
1 6 2 0 2 2
1 4 2 1 2 2
1 8 2 0 2 1
1 4 2 1 2 2
1 8 2 1 2 0
1 4 2 2 2 1
1 0 2 0 2 5
1 4 2 2 2 1
1 0 2 1 2 4
1 4 2 2 2 1
1 0 2 2 2 3
1 4 2 2 2 1
1 0 2 3 2 2
1 4 2 2 2 1
1 0 2 4 2 1
1 4 2 2 2 1
1 0 2 5 2 0
1 4 2 2 2 1
1 2 2 0 2 4
1 4 2 2 2 1
1 2 2 1 2 3
1 4 2 2 2 1
1 2 2 2 2 2
1 4 2 2 2 1
1 2 2 3 2 1
1 4 2 2 2 1
1 2 2 4 2 0
1 4 2 2 2 1
1 4 2 0 2 3
1 4 2 2 2 1
1 4 2 1 2 2
1 4 2 2 2 1
1 4 2 2 2 1
1 4 2 2 2 1
1 4 2 3 2 0
1 4 2 2 2 1
1 6 2 0 2 2
1 4 2 2 2 1
1 6 2 1 2 1
1 4 2 2 2 1
1 6 2 2 2 0
1 4 2 2 2 1
1 8 2 0 2 1
1 4 2 2 2 1
1 8 2 1 2 0
1 4 2 2 2 1
1 10 2 0 2 0
1 4 2 3 2 0
1 0 2 1 2 4
1 4 2 3 2 0
1 0 2 2 2 3
1 4 2 3 2 0
1 0 2 3 2 2
1 4 2 3 2 0
1 0 2 4 2 1
1 4 2 3 2 0
1 2 2 0 2 4
1 4 2 3 2 0
1 2 2 1 2 3
1 4 2 3 2 0
1 2 2 2 2 2
1 4 2 3 2 0
1 2 2 3 2 1
1 4 2 3 2 0
1 4 2 1 2 2
1 4 2 3 2 0
1 4 2 2 2 1
1 4 2 3 2 0
1 6 2 0 2 2
1 4 2 3 2 0
1 6 2 1 2 1
1 4 2 3 2 0
1 8 2 0 2 1
1 6 2 0 2 2
1 0 2 1 2 4
1 6 2 0 2 2
1 0 2 2 2 3
1 6 2 0 2 2
1 0 2 3 2 2
1 6 2 0 2 2
1 0 2 4 2 1
1 6 2 0 2 2
1 2 2 1 2 3
1 6 2 0 2 2
1 2 2 3 2 1
1 6 2 0 2 2
1 2 2 4 2 0
1 6 2 0 2 2
1 4 2 1 2 2
1 6 2 0 2 2
1 4 2 2 2 1
1 6 2 0 2 2
1 4 2 3 2 0
1 6 2 0 2 2
1 6 2 1 2 1
1 6 2 0 2 2
1 6 2 2 2 0
1 6 2 0 2 2
1 8 2 1 2 0
1 6 2 1 2 1
1 0 2 0 2 5
1 6 2 1 2 1
1 0 2 1 2 4
1 6 2 1 2 1
1 0 2 2 2 3
1 6 2 1 2 1
1 0 2 3 2 2
1 6 2 1 2 1
1 0 2 4 2 1
1 6 2 1 2 1
1 2 2 0 2 4
1 6 2 1 2 1
1 2 2 1 2 3
1 6 2 1 2 1
1 2 2 3 2 1
1 6 2 1 2 1
1 2 2 4 2 0
1 6 2 1 2 1
1 4 2 0 2 3
1 6 2 1 2 1
1 4 2 1 2 2
1 6 2 1 2 1
1 4 2 2 2 1
1 6 2 1 2 1
1 4 2 3 2 0
1 6 2 1 2 1
1 6 2 0 2 2
1 6 2 1 2 1
1 6 2 1 2 1
1 6 2 1 2 1
1 6 2 2 2 0
1 6 2 1 2 1
1 8 2 0 2 1
1 6 2 1 2 1
1 10 2 0 2 0
1 6 2 2 2 0
1 0 2 1 2 4
1 6 2 2 2 0
1 0 2 4 2 1
1 6 2 2 2 0
1 2 2 0 2 4
1 6 2 2 2 0
1 2 2 1 2 3
1 6 2 2 2 0
1 2 2 2 2 2
1 6 2 2 2 0
1 2 2 3 2 1
1 6 2 2 2 0
1 4 2 0 2 3
1 6 2 2 2 0
1 4 2 1 2 2
1 6 2 2 2 0
1 6 2 0 2 2
1 6 2 2 2 0
1 6 2 1 2 1
1 6 2 2 2 0
1 8 2 0 2 1
1 8 2 0 2 1
1 0 2 1 2 4
1 8 2 0 2 1
1 0 2 2 2 3
1 8 2 0 2 1
1 0 2 3 2 2
1 8 2 0 2 1
1 0 2 4 2 1
1 8 2 0 2 1
1 2 2 1 2 3
1 8 2 0 2 1
1 2 2 2 2 2
1 8 2 0 2 1
1 2 2 3 2 1
1 8 2 0 2 1
1 2 2 4 2 0
1 8 2 0 2 1
1 4 2 1 2 2
1 8 2 0 2 1
1 4 2 2 2 1
1 8 2 0 2 1
1 4 2 3 2 0
1 8 2 0 2 1
1 6 2 1 2 1
1 8 2 0 2 1
1 6 2 2 2 0
1 8 2 1 2 0
1 0 2 1 2 4
1 8 2 1 2 0
1 0 2 3 2 2
1 8 2 1 2 0
1 0 2 4 2 1
1 8 2 1 2 0
1 2 2 0 2 4
1 8 2 1 2 0
1 2 2 1 2 3
1 8 2 1 2 0
1 2 2 2 2 2
1 8 2 1 2 0
1 4 2 0 2 3
1 8 2 1 2 0
1 4 2 1 2 2
1 8 2 1 2 0
1 4 2 2 2 1
1 8 2 1 2 0
1 6 2 0 2 2
1 8 2 1 2 0
1 6 2 1 2 1
1 10 2 0 2 0
1 2 2 1 2 3
1 10 2 0 2 0
1 2 2 2 2 2
1 10 2 0 2 0
1 2 2 3 2 1
1 10 2 0 2 0
1 4 2 1 2 2
1 10 2 0 2 0
1 4 2 2 2 1
1 10 2 0 2 0
1 6 2 1 2 1
1 0 3 0 1 10
1 1 3 1 1 6
1 0 3 0 1 10
1 1 3 2 1 3
1 0 3 0 1 10
1 2 3 2 1 2
1 0 3 0 1 10
1 3 3 1 1 4
1 0 3 0 1 10
1 3 3 2 1 1
1 0 3 0 1 10
1 4 3 1 1 3
1 0 3 0 1 10
1 5 3 1 1 2
1 0 3 0 1 10
1 6 3 1 1 1
1 0 3 1 1 7
1 1 3 0 1 9
1 0 3 1 1 7
1 1 3 1 1 6
1 0 3 1 1 7
1 1 3 2 1 3
1 0 3 1 1 7
1 1 3 3 1 0
1 0 3 1 1 7
1 2 3 0 1 8
1 0 3 1 1 7
1 2 3 1 1 5
1 0 3 1 1 7
1 2 3 2 1 2
1 0 3 1 1 7
1 3 3 0 1 7
1 0 3 1 1 7
1 3 3 1 1 4
1 0 3 1 1 7
1 3 3 2 1 1
1 0 3 1 1 7
1 4 3 0 1 6
1 0 3 1 1 7
1 4 3 1 1 3
1 0 3 1 1 7
1 4 3 2 1 0
1 0 3 1 1 7
1 5 3 0 1 5
1 0 3 1 1 7
1 5 3 1 1 2
1 0 3 1 1 7
1 6 3 0 1 4
1 0 3 1 1 7
1 6 3 1 1 1
1 0 3 1 1 7
1 8 3 0 1 2
1 0 3 1 1 7
1 9 3 0 1 1
1 0 3 2 1 4
1 1 3 0 1 9
1 0 3 2 1 4
1 1 3 2 1 3
1 0 3 2 1 4
1 1 3 3 1 0
1 0 3 2 1 4
1 2 3 0 1 8
1 0 3 2 1 4
1 2 3 1 1 5
1 0 3 2 1 4
1 2 3 2 1 2
1 0 3 2 1 4
1 3 3 0 1 7
1 0 3 2 1 4
1 3 3 1 1 4
1 0 3 2 1 4
1 3 3 2 1 1
1 0 3 2 1 4
1 4 3 1 1 3
1 0 3 2 1 4
1 4 3 2 1 0
1 0 3 2 1 4
1 5 3 0 1 5
1 0 3 2 1 4
1 5 3 1 1 2
1 0 3 2 1 4
1 6 3 0 1 4
1 0 3 2 1 4
1 6 3 1 1 1
1 0 3 2 1 4
1 7 3 0 1 3
1 0 3 2 1 4
1 8 3 0 1 2
1 0 3 3 1 1
1 1 3 0 1 9
1 0 3 3 1 1
1 1 3 1 1 6
1 0 3 3 1 1
1 1 3 2 1 3
1 0 3 3 1 1
1 1 3 3 1 0
1 0 3 3 1 1
1 2 3 0 1 8
1 0 3 3 1 1
1 2 3 1 1 5
1 0 3 3 1 1
1 2 3 2 1 2
1 0 3 3 1 1
1 3 3 1 1 4
1 0 3 3 1 1
1 4 3 0 1 6
1 0 3 3 1 1
1 4 3 1 1 3
1 0 3 3 1 1
1 4 3 2 1 0
1 0 3 3 1 1
1 5 3 0 1 5
1 0 3 3 1 1
1 5 3 1 1 2
1 0 3 3 1 1
1 6 3 0 1 4
1 0 3 3 1 1
1 7 3 0 1 3
1 0 3 3 1 1
1 7 3 1 1 0
1 0 3 3 1 1
1 8 3 0 1 2
1 0 3 3 1 1
1 9 3 0 1 1
1 1 3 0 1 9
1 0 3 1 1 7
1 1 3 0 1 9
1 0 3 2 1 4
1 1 3 0 1 9
1 0 3 3 1 1
1 1 3 0 1 9
1 1 3 1 1 6
1 1 3 0 1 9
1 1 3 2 1 3
1 1 3 0 1 9
1 1 3 3 1 0
1 1 3 0 1 9
1 2 3 1 1 5
1 1 3 0 1 9
1 2 3 2 1 2
1 1 3 0 1 9
1 3 3 1 1 4
1 1 3 0 1 9
1 3 3 2 1 1
1 1 3 0 1 9
1 4 3 1 1 3
1 1 3 0 1 9
1 4 3 2 1 0
1 1 3 0 1 9
1 5 3 1 1 2
1 1 3 0 1 9
1 6 3 1 1 1
1 1 3 0 1 9
1 7 3 1 1 0
1 1 3 1 1 6
1 0 3 0 1 10
1 1 3 1 1 6
1 0 3 1 1 7
1 1 3 1 1 6
1 0 3 2 1 4
1 1 3 1 1 6
1 0 3 3 1 1
1 1 3 1 1 6
1 1 3 0 1 9
1 1 3 1 1 6
1 1 3 1 1 6
1 1 3 1 1 6
1 1 3 2 1 3
1 1 3 1 1 6
1 1 3 3 1 0
1 1 3 1 1 6
1 2 3 0 1 8
1 1 3 1 1 6
1 2 3 1 1 5
1 1 3 1 1 6
1 2 3 2 1 2
1 1 3 1 1 6
1 3 3 0 1 7
1 1 3 1 1 6
1 3 3 1 1 4
1 1 3 1 1 6
1 3 3 2 1 1
1 1 3 1 1 6
1 4 3 0 1 6
1 1 3 1 1 6
1 4 3 1 1 3
1 1 3 1 1 6
1 5 3 0 1 5
1 1 3 1 1 6
1 5 3 1 1 2
1 1 3 1 1 6
1 6 3 0 1 4
1 1 3 1 1 6
1 6 3 1 1 1
1 1 3 1 1 6
1 7 3 1 1 0
1 1 3 1 1 6
1 8 3 0 1 2
1 1 3 1 1 6
1 9 3 0 1 1
1 1 3 1 1 6
1 10 3 0 1 0
1 1 3 2 1 3
1 0 3 0 1 10
1 1 3 2 1 3
1 0 3 1 1 7
1 1 3 2 1 3
1 0 3 2 1 4
1 1 3 2 1 3
1 0 3 3 1 1
1 1 3 2 1 3
1 1 3 0 1 9
1 1 3 2 1 3
1 1 3 1 1 6
1 1 3 2 1 3
1 1 3 3 1 0
1 1 3 2 1 3
1 2 3 0 1 8
1 1 3 2 1 3
1 2 3 1 1 5
1 1 3 2 1 3
1 2 3 2 1 2
1 1 3 2 1 3
1 3 3 0 1 7
1 1 3 2 1 3
1 3 3 1 1 4
1 1 3 2 1 3
1 3 3 2 1 1
1 1 3 2 1 3
1 4 3 0 1 6
1 1 3 2 1 3
1 4 3 2 1 0
1 1 3 2 1 3
1 5 3 1 1 2
1 1 3 2 1 3
1 6 3 0 1 4
1 1 3 2 1 3
1 6 3 1 1 1
1 1 3 2 1 3
1 7 3 0 1 3
1 1 3 2 1 3
1 7 3 1 1 0
1 1 3 2 1 3
1 8 3 0 1 2
1 1 3 2 1 3
1 9 3 0 1 1
1 1 3 3 1 0
1 0 3 1 1 7
1 1 3 3 1 0
1 0 3 2 1 4
1 1 3 3 1 0
1 0 3 3 1 1
1 1 3 3 1 0
1 1 3 0 1 9
1 1 3 3 1 0
1 1 3 1 1 6
1 1 3 3 1 0
1 1 3 2 1 3
1 1 3 3 1 0
1 2 3 0 1 8
1 1 3 3 1 0
1 2 3 1 1 5
1 1 3 3 1 0
1 2 3 2 1 2
1 1 3 3 1 0
1 3 3 0 1 7
1 1 3 3 1 0
1 3 3 1 1 4
1 1 3 3 1 0
1 4 3 0 1 6
1 1 3 3 1 0
1 4 3 1 1 3
1 1 3 3 1 0
1 5 3 0 1 5
1 1 3 3 1 0
1 5 3 1 1 2
1 1 3 3 1 0
1 6 3 0 1 4
1 1 3 3 1 0
1 6 3 1 1 1
1 1 3 3 1 0
1 7 3 0 1 3
1 1 3 3 1 0
1 8 3 0 1 2
1 1 3 3 1 0
1 9 3 0 1 1
1 2 3 0 1 8
1 0 3 1 1 7
1 2 3 0 1 8
1 0 3 2 1 4
1 2 3 0 1 8
1 1 3 1 1 6
1 2 3 0 1 8
1 1 3 2 1 3
1 2 3 0 1 8
1 1 3 3 1 0
1 2 3 0 1 8
1 2 3 1 1 5
1 2 3 0 1 8
1 2 3 2 1 2
1 2 3 0 1 8
1 3 3 1 1 4
1 2 3 0 1 8
1 3 3 2 1 1
1 2 3 0 1 8
1 4 3 2 1 0
1 2 3 0 1 8
1 6 3 1 1 1
1 2 3 0 1 8
1 7 3 1 1 0
1 2 3 1 1 5
1 0 3 1 1 7
1 2 3 1 1 5
1 0 3 2 1 4
1 2 3 1 1 5
1 0 3 3 1 1
1 2 3 1 1 5
1 1 3 0 1 9
1 2 3 1 1 5
1 1 3 1 1 6
1 2 3 1 1 5
1 1 3 2 1 3
1 2 3 1 1 5
1 1 3 3 1 0
1 2 3 1 1 5
1 2 3 0 1 8
1 2 3 1 1 5
1 2 3 1 1 5
1 2 3 1 1 5
1 2 3 2 1 2
1 2 3 1 1 5
1 3 3 0 1 7
1 2 3 1 1 5
1 3 3 1 1 4
1 2 3 1 1 5
1 4 3 0 1 6
1 2 3 1 1 5
1 4 3 1 1 3
1 2 3 1 1 5
1 4 3 2 1 0
1 2 3 1 1 5
1 5 3 0 1 5
1 2 3 1 1 5
1 6 3 0 1 4
1 2 3 1 1 5
1 6 3 1 1 1
1 2 3 1 1 5
1 7 3 0 1 3
1 2 3 1 1 5
1 8 3 0 1 2
1 2 3 1 1 5
1 9 3 0 1 1
1 2 3 2 1 2
1 0 3 0 1 10
1 2 3 2 1 2
1 0 3 1 1 7
1 2 3 2 1 2
1 0 3 2 1 4
1 2 3 2 1 2
1 0 3 3 1 1
1 2 3 2 1 2
1 1 3 0 1 9
1 2 3 2 1 2
1 1 3 1 1 6
1 2 3 2 1 2
1 1 3 2 1 3
1 2 3 2 1 2
1 1 3 3 1 0
1 2 3 2 1 2
1 2 3 0 1 8
1 2 3 2 1 2
1 2 3 1 1 5
1 2 3 2 1 2
1 2 3 2 1 2
1 2 3 2 1 2
1 3 3 0 1 7
1 2 3 2 1 2
1 3 3 1 1 4
1 2 3 2 1 2
1 4 3 0 1 6
1 2 3 2 1 2
1 4 3 1 1 3
1 2 3 2 1 2
1 4 3 2 1 0
1 2 3 2 1 2
1 5 3 0 1 5
1 2 3 2 1 2
1 5 3 1 1 2
1 2 3 2 1 2
1 6 3 0 1 4
1 2 3 2 1 2
1 6 3 1 1 1
1 2 3 2 1 2
1 7 3 0 1 3
1 2 3 2 1 2
1 7 3 1 1 0
1 2 3 2 1 2
1 8 3 0 1 2
1 2 3 2 1 2
1 9 3 0 1 1
1 2 3 2 1 2
1 10 3 0 1 0
1 3 3 0 1 7
1 0 3 1 1 7
1 3 3 0 1 7
1 0 3 2 1 4
1 3 3 0 1 7
1 0 3 3 1 1
1 3 3 0 1 7
1 1 3 1 1 6
1 3 3 0 1 7
1 1 3 2 1 3
1 3 3 0 1 7
1 1 3 3 1 0
1 3 3 0 1 7
1 2 3 1 1 5
1 3 3 0 1 7
1 2 3 2 1 2
1 3 3 0 1 7
1 3 3 1 1 4
1 3 3 0 1 7
1 4 3 1 1 3
1 3 3 0 1 7
1 4 3 2 1 0
1 3 3 0 1 7
1 5 3 1 1 2
1 3 3 0 1 7
1 6 3 1 1 1
1 3 3 0 1 7
1 7 3 1 1 0
1 3 3 1 1 4
1 0 3 0 1 10
1 3 3 1 1 4
1 0 3 1 1 7
1 3 3 1 1 4
1 0 3 2 1 4
1 3 3 1 1 4
1 0 3 3 1 1
1 3 3 1 1 4
1 1 3 0 1 9
1 3 3 1 1 4
1 1 3 1 1 6
1 3 3 1 1 4
1 1 3 2 1 3
1 3 3 1 1 4
1 1 3 3 1 0
1 3 3 1 1 4
1 2 3 0 1 8
1 3 3 1 1 4
1 2 3 1 1 5
1 3 3 1 1 4
1 3 3 0 1 7
1 3 3 1 1 4
1 3 3 1 1 4
1 3 3 1 1 4
1 4 3 0 1 6
1 3 3 1 1 4
1 4 3 1 1 3
1 3 3 1 1 4
1 4 3 2 1 0
1 3 3 1 1 4
1 5 3 0 1 5
1 3 3 1 1 4
1 5 3 1 1 2
1 3 3 1 1 4
1 6 3 1 1 1
1 3 3 1 1 4
1 7 3 0 1 3
1 3 3 1 1 4
1 8 3 0 1 2
1 3 3 1 1 4
1 9 3 0 1 1
1 3 3 1 1 4
1 10 3 0 1 0
1 3 3 2 1 1
1 0 3 0 1 10
1 3 3 2 1 1
1 0 3 1 1 7
1 3 3 2 1 1
1 0 3 2 1 4
1 3 3 2 1 1
1 0 3 3 1 1
1 3 3 2 1 1
1 1 3 0 1 9
1 3 3 2 1 1
1 1 3 2 1 3
1 3 3 2 1 1
1 2 3 0 1 8
1 3 3 2 1 1
1 2 3 1 1 5
1 3 3 2 1 1
1 3 3 2 1 1
1 3 3 2 1 1
1 4 3 0 1 6
1 3 3 2 1 1
1 4 3 1 1 3
1 3 3 2 1 1
1 4 3 2 1 0
1 3 3 2 1 1
1 5 3 0 1 5
1 3 3 2 1 1
1 5 3 1 1 2
1 3 3 2 1 1
1 6 3 0 1 4
1 3 3 2 1 1
1 6 3 1 1 1
1 3 3 2 1 1
1 7 3 0 1 3
1 3 3 2 1 1
1 7 3 1 1 0
1 3 3 2 1 1
1 8 3 0 1 2
1 3 3 2 1 1
1 10 3 0 1 0
1 4 3 0 1 6
1 0 3 1 1 7
1 4 3 0 1 6
1 0 3 2 1 4
1 4 3 0 1 6
1 0 3 3 1 1
1 4 3 0 1 6
1 1 3 1 1 6
1 4 3 0 1 6
1 1 3 2 1 3
1 4 3 0 1 6
1 1 3 3 1 0
1 4 3 0 1 6
1 2 3 1 1 5
1 4 3 0 1 6
1 2 3 2 1 2
1 4 3 0 1 6
1 3 3 1 1 4
1 4 3 0 1 6
1 3 3 2 1 1
1 4 3 0 1 6
1 4 3 1 1 3
1 4 3 0 1 6
1 4 3 2 1 0
1 4 3 0 1 6
1 5 3 1 1 2
1 4 3 0 1 6
1 7 3 1 1 0
1 4 3 1 1 3
1 0 3 0 1 10
1 4 3 1 1 3
1 0 3 1 1 7
1 4 3 1 1 3
1 0 3 2 1 4
1 4 3 1 1 3
1 0 3 3 1 1
1 4 3 1 1 3
1 1 3 0 1 9
1 4 3 1 1 3
1 1 3 1 1 6
1 4 3 1 1 3
1 1 3 2 1 3
1 4 3 1 1 3
1 1 3 3 1 0
1 4 3 1 1 3
1 2 3 0 1 8
1 4 3 1 1 3
1 2 3 1 1 5
1 4 3 1 1 3
1 2 3 2 1 2
1 4 3 1 1 3
1 3 3 0 1 7
1 4 3 1 1 3
1 3 3 1 1 4
1 4 3 1 1 3
1 3 3 2 1 1
1 4 3 1 1 3
1 4 3 0 1 6
1 4 3 1 1 3
1 4 3 1 1 3
1 4 3 1 1 3
1 4 3 2 1 0
1 4 3 1 1 3
1 5 3 0 1 5
1 4 3 1 1 3
1 5 3 1 1 2
1 4 3 1 1 3
1 6 3 0 1 4
1 4 3 1 1 3
1 6 3 1 1 1
1 4 3 1 1 3
1 7 3 0 1 3
1 4 3 1 1 3
1 7 3 1 1 0
1 4 3 1 1 3
1 9 3 0 1 1
1 4 3 1 1 3
1 10 3 0 1 0
1 4 3 2 1 0
1 0 3 1 1 7
1 4 3 2 1 0
1 0 3 3 1 1
1 4 3 2 1 0
1 1 3 0 1 9
1 4 3 2 1 0
1 1 3 1 1 6
1 4 3 2 1 0
1 1 3 2 1 3
1 4 3 2 1 0
1 2 3 0 1 8
1 4 3 2 1 0
1 2 3 1 1 5
1 4 3 2 1 0
1 2 3 2 1 2
1 4 3 2 1 0
1 3 3 0 1 7
1 4 3 2 1 0
1 3 3 1 1 4
1 4 3 2 1 0
1 3 3 2 1 1
1 4 3 2 1 0
1 4 3 0 1 6
1 4 3 2 1 0
1 4 3 1 1 3
1 4 3 2 1 0
1 5 3 0 1 5
1 4 3 2 1 0
1 5 3 1 1 2
1 4 3 2 1 0
1 6 3 0 1 4
1 4 3 2 1 0
1 6 3 1 1 1
1 4 3 2 1 0
1 7 3 0 1 3
1 4 3 2 1 0
1 8 3 0 1 2
1 5 3 0 1 5
1 0 3 1 1 7
1 5 3 0 1 5
1 0 3 2 1 4
1 5 3 0 1 5
1 0 3 3 1 1
1 5 3 0 1 5
1 1 3 1 1 6
1 5 3 0 1 5
1 1 3 3 1 0
1 5 3 0 1 5
1 2 3 1 1 5
1 5 3 0 1 5
1 2 3 2 1 2
1 5 3 0 1 5
1 3 3 1 1 4
1 5 3 0 1 5
1 3 3 2 1 1
1 5 3 0 1 5
1 4 3 1 1 3
1 5 3 0 1 5
1 4 3 2 1 0
1 5 3 0 1 5
1 6 3 1 1 1
1 5 3 0 1 5
1 7 3 1 1 0
1 5 3 1 1 2
1 0 3 0 1 10
1 5 3 1 1 2
1 0 3 1 1 7
1 5 3 1 1 2
1 0 3 2 1 4
1 5 3 1 1 2
1 0 3 3 1 1
1 5 3 1 1 2
1 1 3 0 1 9
1 5 3 1 1 2
1 1 3 1 1 6
1 5 3 1 1 2
1 1 3 2 1 3
1 5 3 1 1 2
1 2 3 2 1 2
1 5 3 1 1 2
1 3 3 0 1 7
1 5 3 1 1 2
1 3 3 1 1 4
1 5 3 1 1 2
1 3 3 2 1 1
1 5 3 1 1 2
1 4 3 0 1 6
1 5 3 1 1 2
1 4 3 1 1 3
1 5 3 1 1 2
1 4 3 2 1 0
1 5 3 1 1 2
1 5 3 0 1 5
1 5 3 1 1 2
1 5 3 1 1 2
1 5 3 1 1 2
1 6 3 0 1 4
1 5 3 1 1 2
1 7 3 1 1 0
1 5 3 1 1 2
1 8 3 0 1 2
1 5 3 1 1 2
1 9 3 0 1 1
1 5 3 1 1 2
1 10 3 0 1 0
1 6 3 0 1 4
1 0 3 1 1 7
1 6 3 0 1 4
1 0 3 2 1 4
1 6 3 0 1 4
1 0 3 3 1 1
1 6 3 0 1 4
1 1 3 1 1 6
1 6 3 0 1 4
1 1 3 2 1 3
1 6 3 0 1 4
1 1 3 3 1 0
1 6 3 0 1 4
1 2 3 1 1 5
1 6 3 0 1 4
1 2 3 2 1 2
1 6 3 0 1 4
1 4 3 1 1 3
1 6 3 0 1 4
1 4 3 2 1 0
1 6 3 0 1 4
1 5 3 1 1 2
1 6 3 0 1 4
1 6 3 1 1 1
1 6 3 0 1 4
1 7 3 1 1 0
1 6 3 1 1 1
1 0 3 0 1 10
1 6 3 1 1 1
1 0 3 1 1 7
1 6 3 1 1 1
1 0 3 2 1 4
1 6 3 1 1 1
1 1 3 0 1 9
1 6 3 1 1 1
1 1 3 1 1 6
1 6 3 1 1 1
1 1 3 2 1 3
1 6 3 1 1 1
1 1 3 3 1 0
1 6 3 1 1 1
1 2 3 0 1 8
1 6 3 1 1 1
1 2 3 1 1 5
1 6 3 1 1 1
1 2 3 2 1 2
1 6 3 1 1 1
1 3 3 0 1 7
1 6 3 1 1 1
1 3 3 1 1 4
1 6 3 1 1 1
1 3 3 2 1 1
1 6 3 1 1 1
1 4 3 1 1 3
1 6 3 1 1 1
1 4 3 2 1 0
1 6 3 1 1 1
1 5 3 0 1 5
1 6 3 1 1 1
1 5 3 1 1 2
1 6 3 1 1 1
1 6 3 0 1 4
1 6 3 1 1 1
1 6 3 1 1 1
1 6 3 1 1 1
1 7 3 0 1 3
1 6 3 1 1 1
1 7 3 1 1 0
1 6 3 1 1 1
1 8 3 0 1 2
1 6 3 1 1 1
1 9 3 0 1 1
1 7 3 0 1 3
1 0 3 3 1 1
1 7 3 0 1 3
1 1 3 2 1 3
1 7 3 0 1 3
1 1 3 3 1 0
1 7 3 0 1 3
1 2 3 1 1 5
1 7 3 0 1 3
1 2 3 2 1 2
1 7 3 0 1 3
1 3 3 1 1 4
1 7 3 0 1 3
1 3 3 2 1 1
1 7 3 0 1 3
1 4 3 1 1 3
1 7 3 0 1 3
1 4 3 2 1 0
1 7 3 0 1 3
1 7 3 1 1 0
1 7 3 1 1 0
1 0 3 1 1 7
1 7 3 1 1 0
1 0 3 3 1 1
1 7 3 1 1 0
1 1 3 0 1 9
1 7 3 1 1 0
1 1 3 1 1 6
1 7 3 1 1 0
1 1 3 2 1 3
1 7 3 1 1 0
1 2 3 0 1 8
1 7 3 1 1 0
1 2 3 2 1 2
1 7 3 1 1 0
1 3 3 0 1 7
1 7 3 1 1 0
1 3 3 1 1 4
1 7 3 1 1 0
1 3 3 2 1 1
1 7 3 1 1 0
1 4 3 0 1 6
1 7 3 1 1 0
1 4 3 1 1 3
1 7 3 1 1 0
1 5 3 0 1 5
1 7 3 1 1 0
1 5 3 1 1 2
1 7 3 1 1 0
1 6 3 0 1 4
1 7 3 1 1 0
1 6 3 1 1 1
1 7 3 1 1 0
1 7 3 0 1 3
1 7 3 1 1 0
1 9 3 0 1 1
1 8 3 0 1 2
1 0 3 1 1 7
1 8 3 0 1 2
1 0 3 2 1 4
1 8 3 0 1 2
1 0 3 3 1 1
1 8 3 0 1 2
1 1 3 1 1 6
1 8 3 0 1 2
1 1 3 2 1 3
1 8 3 0 1 2
1 1 3 3 1 0
1 8 3 0 1 2
1 2 3 1 1 5
1 8 3 0 1 2
1 2 3 2 1 2
1 8 3 0 1 2
1 3 3 1 1 4
1 8 3 0 1 2
1 4 3 2 1 0
1 8 3 0 1 2
1 5 3 1 1 2
1 8 3 0 1 2
1 6 3 1 1 1
1 8 3 0 1 2
1 7 3 1 1 0
1 9 3 0 1 1
1 0 3 1 1 7
1 9 3 0 1 1
1 0 3 2 1 4
1 9 3 0 1 1
1 0 3 3 1 1
1 9 3 0 1 1
1 1 3 1 1 6
1 9 3 0 1 1
1 1 3 2 1 3
1 9 3 0 1 1
1 1 3 3 1 0
1 9 3 0 1 1
1 2 3 1 1 5
1 9 3 0 1 1
1 2 3 2 1 2
1 9 3 0 1 1
1 3 3 1 1 4
1 9 3 0 1 1
1 4 3 1 1 3
1 9 3 0 1 1
1 4 3 2 1 0
1 9 3 0 1 1
1 5 3 1 1 2
1 9 3 0 1 1
1 6 3 1 1 1
1 9 3 0 1 1
1 7 3 1 1 0
1 10 3 0 1 0
1 1 3 1 1 6
1 10 3 0 1 0
1 1 3 2 1 3
1 10 3 0 1 0
1 2 3 2 1 2
1 10 3 0 1 0
1 3 3 1 1 4
1 10 3 0 1 0
1 3 3 2 1 1
1 10 3 0 1 0
1 4 3 1 1 3
1 10 3 0 1 0
1 5 3 1 1 2
1 10 3 0 1 0
1 6 3 1 1 1
2 0 1 0 2 5
2 1 1 2 2 3
2 0 1 0 2 5
2 1 1 4 2 2
2 0 1 0 2 5
2 1 1 6 2 1
2 0 1 0 2 5
2 2 1 2 2 2
2 0 1 0 2 5
2 2 1 4 2 1
2 0 1 0 2 5
2 3 1 2 2 1
2 0 1 2 2 4
2 1 1 0 2 4
2 0 1 2 2 4
2 1 1 2 2 3
2 0 1 2 2 4
2 1 1 4 2 2
2 0 1 2 2 4
2 1 1 8 2 0
2 0 1 2 2 4
2 2 1 0 2 3
2 0 1 2 2 4
2 2 1 2 2 2
2 0 1 2 2 4
2 2 1 4 2 1
2 0 1 2 2 4
2 3 1 2 2 1
2 0 1 2 2 4
2 3 1 4 2 0
2 0 1 2 2 4
2 4 1 0 2 1
2 0 1 2 2 4
2 4 1 2 2 0
2 0 1 4 2 3
2 1 1 0 2 4
2 0 1 4 2 3
2 1 1 2 2 3
2 0 1 4 2 3
2 1 1 4 2 2
2 0 1 4 2 3
2 1 1 6 2 1
2 0 1 4 2 3
2 1 1 8 2 0
2 0 1 4 2 3
2 2 1 0 2 3
2 0 1 4 2 3
2 2 1 2 2 2
2 0 1 4 2 3
2 2 1 6 2 0
2 0 1 4 2 3
2 3 1 0 2 2
2 0 1 4 2 3
2 3 1 2 2 1
2 0 1 4 2 3
2 3 1 4 2 0
2 0 1 4 2 3
2 4 1 0 2 1
2 0 1 4 2 3
2 4 1 2 2 0
2 0 1 6 2 2
2 1 1 0 2 4
2 0 1 6 2 2
2 1 1 2 2 3
2 0 1 6 2 2
2 1 1 4 2 2
2 0 1 6 2 2
2 1 1 6 2 1
2 0 1 6 2 2
2 1 1 8 2 0
2 0 1 6 2 2
2 2 1 0 2 3
2 0 1 6 2 2
2 2 1 4 2 1
2 0 1 6 2 2
2 2 1 6 2 0
2 0 1 6 2 2
2 3 1 0 2 2
2 0 1 6 2 2
2 3 1 2 2 1
2 0 1 6 2 2
2 4 1 0 2 1
2 0 1 6 2 2
2 4 1 2 2 0
2 0 1 8 2 1
2 1 1 2 2 3
2 0 1 8 2 1
2 1 1 4 2 2
2 0 1 8 2 1
2 1 1 8 2 0
2 0 1 8 2 1
2 2 1 0 2 3
2 0 1 8 2 1
2 2 1 2 2 2
2 0 1 8 2 1
2 2 1 4 2 1
2 0 1 8 2 1
2 3 1 0 2 2
2 0 1 8 2 1
2 3 1 2 2 1
2 0 1 8 2 1
2 3 1 4 2 0
2 0 1 8 2 1
2 4 1 2 2 0
2 0 1 10 2 0
2 1 1 2 2 3
2 0 1 10 2 0
2 1 1 4 2 2
2 0 1 10 2 0
2 1 1 6 2 1
2 0 1 10 2 0
2 2 1 2 2 2
2 0 1 10 2 0
2 2 1 4 2 1
2 0 1 10 2 0
2 3 1 2 2 1
2 1 1 0 2 4
2 0 1 2 2 4
2 1 1 0 2 4
2 0 1 4 2 3
2 1 1 0 2 4
2 0 1 6 2 2
2 1 1 0 2 4
2 1 1 2 2 3
2 1 1 0 2 4
2 1 1 6 2 1
2 1 1 0 2 4
2 1 1 8 2 0
2 1 1 0 2 4
2 2 1 2 2 2
2 1 1 0 2 4
2 2 1 6 2 0
2 1 1 0 2 4
2 3 1 4 2 0
2 1 1 2 2 3
2 0 1 0 2 5
2 1 1 2 2 3
2 0 1 2 2 4
2 1 1 2 2 3
2 0 1 4 2 3
2 1 1 2 2 3
2 0 1 6 2 2
2 1 1 2 2 3
2 0 1 8 2 1
2 1 1 2 2 3
2 0 1 10 2 0
2 1 1 2 2 3
2 1 1 0 2 4
2 1 1 2 2 3
2 1 1 4 2 2
2 1 1 2 2 3
2 1 1 6 2 1
2 1 1 2 2 3
2 1 1 8 2 0
2 1 1 2 2 3
2 2 1 0 2 3
2 1 1 2 2 3
2 2 1 2 2 2
2 1 1 2 2 3
2 3 1 0 2 2
2 1 1 2 2 3
2 3 1 2 2 1
2 1 1 2 2 3
2 3 1 4 2 0
2 1 1 2 2 3
2 4 1 0 2 1
2 1 1 2 2 3
2 4 1 2 2 0
2 1 1 2 2 3
2 5 1 0 2 0
2 1 1 4 2 2
2 0 1 0 2 5
2 1 1 4 2 2
2 0 1 2 2 4
2 1 1 4 2 2
2 0 1 4 2 3
2 1 1 4 2 2
2 0 1 6 2 2
2 1 1 4 2 2
2 0 1 8 2 1
2 1 1 4 2 2
2 0 1 10 2 0
2 1 1 4 2 2
2 1 1 2 2 3
2 1 1 4 2 2
2 1 1 4 2 2
2 1 1 4 2 2
2 1 1 6 2 1
2 1 1 4 2 2
2 1 1 8 2 0
2 1 1 4 2 2
2 2 1 0 2 3
2 1 1 4 2 2
2 2 1 2 2 2
2 1 1 4 2 2
2 2 1 4 2 1
2 1 1 4 2 2
2 3 1 0 2 2
2 1 1 4 2 2
2 3 1 2 2 1
2 1 1 4 2 2
2 3 1 4 2 0
2 1 1 4 2 2
2 4 1 0 2 1
2 1 1 4 2 2
2 5 1 0 2 0
2 1 1 6 2 1
2 0 1 0 2 5
2 1 1 6 2 1
2 0 1 2 2 4
2 1 1 6 2 1
2 0 1 4 2 3
2 1 1 6 2 1
2 0 1 6 2 2
2 1 1 6 2 1
2 0 1 8 2 1
2 1 1 6 2 1
2 0 1 10 2 0
2 1 1 6 2 1
2 1 1 0 2 4
2 1 1 6 2 1
2 1 1 2 2 3
2 1 1 6 2 1
2 1 1 4 2 2
2 1 1 6 2 1
2 1 1 6 2 1
2 1 1 6 2 1
2 1 1 8 2 0
2 1 1 6 2 1
2 2 1 0 2 3
2 1 1 6 2 1
2 2 1 2 2 2
2 1 1 6 2 1
2 2 1 4 2 1
2 1 1 6 2 1
2 2 1 6 2 0
2 1 1 6 2 1
2 3 1 0 2 2
2 1 1 6 2 1
2 3 1 2 2 1
2 1 1 6 2 1
2 3 1 4 2 0
2 1 1 6 2 1
2 4 1 0 2 1
2 1 1 6 2 1
2 4 1 2 2 0
2 1 1 6 2 1
2 5 1 0 2 0
2 1 1 8 2 0
2 0 1 2 2 4
2 1 1 8 2 0
2 0 1 4 2 3
2 1 1 8 2 0
2 0 1 6 2 2
2 1 1 8 2 0
2 1 1 0 2 4
2 1 1 8 2 0
2 1 1 2 2 3
2 1 1 8 2 0
2 1 1 4 2 2
2 1 1 8 2 0
2 1 1 6 2 1
2 1 1 8 2 0
2 2 1 2 2 2
2 1 1 8 2 0
2 2 1 4 2 1
2 1 1 8 2 0
2 3 1 2 2 1
2 1 1 8 2 0
2 4 1 0 2 1
2 2 1 0 2 3
2 0 1 2 2 4
2 2 1 0 2 3
2 0 1 4 2 3
2 2 1 0 2 3
2 0 1 6 2 2
2 2 1 0 2 3
2 0 1 8 2 1
2 2 1 0 2 3
2 1 1 2 2 3
2 2 1 0 2 3
2 1 1 4 2 2
2 2 1 0 2 3
2 1 1 6 2 1
2 2 1 0 2 3
2 1 1 8 2 0
2 2 1 0 2 3
2 2 1 2 2 2
2 2 1 0 2 3
2 2 1 4 2 1
2 2 1 0 2 3
2 3 1 2 2 1
2 2 1 0 2 3
2 3 1 4 2 0
2 2 1 0 2 3
2 4 1 2 2 0
2 2 1 2 2 2
2 0 1 0 2 5
2 2 1 2 2 2
2 0 1 2 2 4
2 2 1 2 2 2
2 0 1 4 2 3
2 2 1 2 2 2
2 0 1 8 2 1
2 2 1 2 2 2
2 0 1 10 2 0
2 2 1 2 2 2
2 1 1 2 2 3
2 2 1 2 2 2
2 1 1 4 2 2
2 2 1 2 2 2
2 1 1 6 2 1
2 2 1 2 2 2
2 1 1 8 2 0
2 2 1 2 2 2
2 2 1 0 2 3
2 2 1 2 2 2
2 2 1 2 2 2
2 2 1 2 2 2
2 2 1 4 2 1
2 2 1 2 2 2
2 2 1 6 2 0
2 2 1 2 2 2
2 3 1 0 2 2
2 2 1 2 2 2
2 3 1 2 2 1
2 2 1 2 2 2
2 3 1 4 2 0
2 2 1 2 2 2
2 4 1 0 2 1
2 2 1 2 2 2
2 4 1 2 2 0
2 2 1 4 2 1
2 0 1 0 2 5
2 2 1 4 2 1
2 0 1 2 2 4
2 2 1 4 2 1
2 0 1 6 2 2
2 2 1 4 2 1
2 0 1 8 2 1
2 2 1 4 2 1
2 0 1 10 2 0
2 2 1 4 2 1
2 1 1 4 2 2
2 2 1 4 2 1
2 1 1 8 2 0
2 2 1 4 2 1
2 2 1 0 2 3
2 2 1 4 2 1
2 2 1 6 2 0
2 2 1 4 2 1
2 3 1 0 2 2
2 2 1 4 2 1
2 3 1 2 2 1
2 2 1 4 2 1
2 3 1 4 2 0
2 2 1 4 2 1
2 4 1 0 2 1
2 2 1 4 2 1
2 4 1 2 2 0
2 2 1 4 2 1
2 5 1 0 2 0
2 2 1 6 2 0
2 0 1 2 2 4
2 2 1 6 2 0
2 0 1 6 2 2
2 2 1 6 2 0
2 1 1 0 2 4
2 2 1 6 2 0
2 1 1 2 2 3
2 2 1 6 2 0
2 1 1 6 2 1
2 2 1 6 2 0
2 2 1 0 2 3
2 2 1 6 2 0
2 2 1 2 2 2
2 2 1 6 2 0
2 2 1 4 2 1
2 2 1 6 2 0
2 3 1 0 2 2
2 2 1 6 2 0
2 3 1 2 2 1
2 2 1 6 2 0
2 4 1 0 2 1
2 3 1 0 2 2
2 0 1 4 2 3
2 3 1 0 2 2
2 0 1 6 2 2
2 3 1 0 2 2
2 0 1 8 2 1
2 3 1 0 2 2
2 1 1 2 2 3
2 3 1 0 2 2
2 1 1 4 2 2
2 3 1 0 2 2
2 1 1 6 2 1
2 3 1 0 2 2
2 2 1 2 2 2
2 3 1 0 2 2
2 2 1 4 2 1
2 3 1 0 2 2
2 3 1 2 2 1
2 3 1 0 2 2
2 3 1 4 2 0
2 3 1 2 2 1
2 0 1 0 2 5
2 3 1 2 2 1
2 0 1 2 2 4
2 3 1 2 2 1
2 0 1 4 2 3
2 3 1 2 2 1
2 0 1 6 2 2
2 3 1 2 2 1
2 0 1 8 2 1
2 3 1 2 2 1
2 0 1 10 2 0
2 3 1 2 2 1
2 1 1 0 2 4
2 3 1 2 2 1
2 1 1 2 2 3
2 3 1 2 2 1
2 1 1 4 2 2
2 3 1 2 2 1
2 1 1 6 2 1
2 3 1 2 2 1
2 1 1 8 2 0
2 3 1 2 2 1
2 2 1 0 2 3
2 3 1 2 2 1
2 2 1 2 2 2
2 3 1 2 2 1
2 2 1 4 2 1
2 3 1 2 2 1
2 2 1 6 2 0
2 3 1 2 2 1
2 3 1 0 2 2
2 3 1 2 2 1
2 3 1 2 2 1
2 3 1 2 2 1
2 3 1 4 2 0
2 3 1 2 2 1
2 4 1 0 2 1
2 3 1 2 2 1
2 4 1 2 2 0
2 3 1 2 2 1
2 5 1 0 2 0
2 3 1 4 2 0
2 0 1 2 2 4
2 3 1 4 2 0
2 0 1 4 2 3
2 3 1 4 2 0
2 0 1 8 2 1
2 3 1 4 2 0
2 1 1 0 2 4
2 3 1 4 2 0
2 1 1 2 2 3
2 3 1 4 2 0
2 1 1 4 2 2
2 3 1 4 2 0
2 1 1 6 2 1
2 3 1 4 2 0
2 2 1 0 2 3
2 3 1 4 2 0
2 2 1 2 2 2
2 3 1 4 2 0
2 2 1 4 2 1
2 3 1 4 2 0
2 3 1 0 2 2
2 3 1 4 2 0
2 3 1 2 2 1
2 3 1 4 2 0
2 4 1 0 2 1
2 4 1 0 2 1
2 0 1 2 2 4
2 4 1 0 2 1
2 0 1 4 2 3
2 4 1 0 2 1
2 0 1 6 2 2
2 4 1 0 2 1
2 0 1 8 2 1
2 4 1 0 2 1
2 1 1 2 2 3
2 4 1 0 2 1
2 1 1 4 2 2
2 4 1 0 2 1
2 1 1 6 2 1
2 4 1 0 2 1
2 1 1 8 2 0
2 4 1 0 2 1
2 2 1 2 2 2
2 4 1 0 2 1
2 2 1 4 2 1
2 4 1 0 2 1
2 2 1 6 2 0
2 4 1 0 2 1
2 3 1 2 2 1
2 4 1 0 2 1
2 3 1 4 2 0
2 4 1 0 2 1
2 4 1 2 2 0
2 4 1 2 2 0
2 0 1 2 2 4
2 4 1 2 2 0
2 0 1 4 2 3
2 4 1 2 2 0
2 0 1 6 2 2
2 4 1 2 2 0
2 0 1 8 2 1
2 4 1 2 2 0
2 1 1 2 2 3
2 4 1 2 2 0
2 1 1 6 2 1
2 4 1 2 2 0
2 2 1 0 2 3
2 4 1 2 2 0
2 2 1 4 2 1
2 4 1 2 2 0
2 3 1 2 2 1
2 4 1 2 2 0
2 4 1 0 2 1
2 5 1 0 2 0
2 1 1 2 2 3
2 5 1 0 2 0
2 1 1 4 2 2
2 5 1 0 2 0
2 1 1 6 2 1
2 5 1 0 2 0
2 2 1 2 2 2
2 5 1 0 2 0
2 2 1 4 2 1
2 0 2 0 1 10
2 1 2 2 1 4
2 0 2 0 1 10
2 2 2 1 1 4
2 0 2 0 1 10
2 2 2 2 1 2
2 0 2 0 1 10
2 3 2 1 1 2
2 0 2 1 1 8
2 1 2 0 1 8
2 0 2 1 1 8
2 1 2 1 1 6
2 0 2 1 1 8
2 1 2 2 1 4
2 0 2 1 1 8
2 1 2 3 1 2
2 0 2 1 1 8
2 2 2 0 1 6
2 0 2 1 1 8
2 2 2 1 1 4
2 0 2 1 1 8
2 2 2 2 1 2
2 0 2 1 1 8
2 2 2 3 1 0
2 0 2 1 1 8
2 3 2 0 1 4
2 0 2 1 1 8
2 3 2 1 1 2
2 0 2 1 1 8
2 3 2 2 1 0
2 0 2 1 1 8
2 4 2 0 1 2
2 0 2 1 1 8
2 4 2 1 1 0
2 0 2 2 1 6
2 1 2 0 1 8
2 0 2 2 1 6
2 1 2 1 1 6
2 0 2 2 1 6
2 1 2 2 1 4
2 0 2 2 1 6
2 1 2 3 1 2
2 0 2 2 1 6
2 1 2 4 1 0
2 0 2 2 1 6
2 2 2 0 1 6
2 0 2 2 1 6
2 2 2 1 1 4
2 0 2 2 1 6
2 2 2 2 1 2
2 0 2 2 1 6
2 2 2 3 1 0
2 0 2 2 1 6
2 3 2 1 1 2
2 0 2 2 1 6
2 3 2 2 1 0
2 0 2 2 1 6
2 4 2 0 1 2
2 0 2 2 1 6
2 4 2 1 1 0
2 0 2 3 1 4
2 1 2 0 1 8
2 0 2 3 1 4
2 1 2 1 1 6
2 0 2 3 1 4
2 1 2 2 1 4
2 0 2 3 1 4
2 1 2 4 1 0
2 0 2 3 1 4
2 2 2 0 1 6
2 0 2 3 1 4
2 2 2 2 1 2
2 0 2 3 1 4
2 2 2 3 1 0
2 0 2 3 1 4
2 3 2 0 1 4
2 0 2 3 1 4
2 3 2 2 1 0
2 0 2 3 1 4
2 4 2 0 1 2
2 0 2 4 1 2
2 1 2 0 1 8
2 0 2 4 1 2
2 1 2 2 1 4
2 0 2 4 1 2
2 1 2 3 1 2
2 0 2 4 1 2
2 1 2 4 1 0
2 0 2 4 1 2
2 2 2 0 1 6
2 0 2 4 1 2
2 2 2 1 1 4
2 0 2 4 1 2
2 3 2 0 1 4
2 0 2 4 1 2
2 3 2 1 1 2
2 0 2 4 1 2
2 3 2 2 1 0
2 0 2 4 1 2
2 4 2 1 1 0
2 0 2 5 1 0
2 1 2 1 1 6
2 0 2 5 1 0
2 1 2 2 1 4
2 0 2 5 1 0
2 1 2 3 1 2
2 0 2 5 1 0
2 2 2 1 1 4
2 0 2 5 1 0
2 2 2 2 1 2
2 1 2 0 1 8
2 0 2 1 1 8
2 1 2 0 1 8
2 0 2 2 1 6
2 1 2 0 1 8
2 0 2 3 1 4
2 1 2 0 1 8
2 0 2 4 1 2
2 1 2 0 1 8
2 1 2 2 1 4
2 1 2 0 1 8
2 1 2 3 1 2
2 1 2 0 1 8
2 1 2 4 1 0
2 1 2 0 1 8
2 2 2 1 1 4
2 1 2 0 1 8
2 2 2 2 1 2
2 1 2 0 1 8
2 3 2 2 1 0
2 1 2 0 1 8
2 4 2 1 1 0
2 1 2 1 1 6
2 0 2 0 1 10
2 1 2 1 1 6
2 0 2 1 1 8
2 1 2 1 1 6
2 0 2 3 1 4
2 1 2 1 1 6
2 0 2 5 1 0
2 1 2 1 1 6
2 1 2 1 1 6
2 1 2 1 1 6
2 1 2 2 1 4
2 1 2 1 1 6
2 1 2 3 1 2
2 1 2 1 1 6
2 1 2 4 1 0
2 1 2 1 1 6
2 2 2 0 1 6
2 1 2 1 1 6
2 2 2 1 1 4
2 1 2 1 1 6
2 2 2 2 1 2
2 1 2 1 1 6
2 2 2 3 1 0
2 1 2 1 1 6
2 3 2 0 1 4
2 1 2 1 1 6
2 3 2 1 1 2
2 1 2 1 1 6
2 3 2 2 1 0
2 1 2 1 1 6
2 4 2 0 1 2
2 1 2 1 1 6
2 4 2 1 1 0
2 1 2 1 1 6
2 5 2 0 1 0
2 1 2 2 1 4
2 0 2 0 1 10
2 1 2 2 1 4
2 0 2 1 1 8
2 1 2 2 1 4
2 0 2 2 1 6
2 1 2 2 1 4
2 0 2 3 1 4
2 1 2 2 1 4
2 0 2 4 1 2
2 1 2 2 1 4
2 0 2 5 1 0
2 1 2 2 1 4
2 1 2 0 1 8
2 1 2 2 1 4
2 1 2 1 1 6
2 1 2 2 1 4
2 1 2 3 1 2
2 1 2 2 1 4
2 2 2 0 1 6
2 1 2 2 1 4
2 2 2 2 1 2
2 1 2 2 1 4
2 2 2 3 1 0
2 1 2 2 1 4
2 3 2 0 1 4
2 1 2 2 1 4
2 3 2 1 1 2
2 1 2 2 1 4
2 3 2 2 1 0
2 1 2 2 1 4
2 4 2 0 1 2
2 1 2 2 1 4
2 4 2 1 1 0
2 1 2 2 1 4
2 5 2 0 1 0
2 1 2 3 1 2
2 0 2 1 1 8
2 1 2 3 1 2
2 0 2 4 1 2
2 1 2 3 1 2
2 0 2 5 1 0
2 1 2 3 1 2
2 1 2 0 1 8
2 1 2 3 1 2
2 1 2 1 1 6
2 1 2 3 1 2
2 1 2 3 1 2
2 1 2 3 1 2
2 1 2 4 1 0
2 1 2 3 1 2
2 2 2 0 1 6
2 1 2 3 1 2
2 2 2 1 1 4
2 1 2 3 1 2
2 2 2 3 1 0
2 1 2 3 1 2
2 3 2 1 1 2
2 1 2 3 1 2
2 4 2 1 1 0
2 1 2 4 1 0
2 0 2 2 1 6
2 1 2 4 1 0
2 0 2 3 1 4
2 1 2 4 1 0
2 0 2 4 1 2
2 1 2 4 1 0
2 1 2 0 1 8
2 1 2 4 1 0
2 2 2 0 1 6
2 1 2 4 1 0
2 2 2 1 1 4
2 1 2 4 1 0
2 2 2 2 1 2
2 1 2 4 1 0
2 3 2 1 1 2
2 1 2 4 1 0
2 4 2 0 1 2
2 2 2 0 1 6
2 0 2 1 1 8
2 2 2 0 1 6
2 0 2 2 1 6
2 2 2 0 1 6
2 0 2 4 1 2
2 2 2 0 1 6
2 1 2 1 1 6
2 2 2 0 1 6
2 1 2 2 1 4
2 2 2 0 1 6
2 1 2 3 1 2
2 2 2 0 1 6
2 1 2 4 1 0
2 2 2 0 1 6
2 2 2 1 1 4
2 2 2 0 1 6
2 2 2 2 1 2
2 2 2 0 1 6
2 2 2 3 1 0
2 2 2 0 1 6
2 3 2 2 1 0
2 2 2 0 1 6
2 4 2 1 1 0
2 2 2 1 1 4
2 0 2 0 1 10
2 2 2 1 1 4
2 0 2 1 1 8
2 2 2 1 1 4
2 0 2 2 1 6
2 2 2 1 1 4
2 0 2 4 1 2
2 2 2 1 1 4
2 1 2 0 1 8
2 2 2 1 1 4
2 1 2 1 1 6
2 2 2 1 1 4
2 1 2 2 1 4
2 2 2 1 1 4
2 1 2 3 1 2
2 2 2 1 1 4
2 1 2 4 1 0
2 2 2 1 1 4
2 2 2 0 1 6
2 2 2 1 1 4
2 2 2 1 1 4
2 2 2 1 1 4
2 2 2 2 1 2
2 2 2 1 1 4
2 2 2 3 1 0
2 2 2 1 1 4
2 3 2 0 1 4
2 2 2 1 1 4
2 3 2 1 1 2
2 2 2 1 1 4
2 3 2 2 1 0
2 2 2 1 1 4
2 4 2 0 1 2
2 2 2 1 1 4
2 4 2 1 1 0
2 2 2 1 1 4
2 5 2 0 1 0
2 2 2 2 1 2
2 0 2 0 1 10
2 2 2 2 1 2
2 0 2 1 1 8
2 2 2 2 1 2
2 0 2 2 1 6
2 2 2 2 1 2
2 0 2 3 1 4
2 2 2 2 1 2
2 0 2 4 1 2
2 2 2 2 1 2
2 0 2 5 1 0
2 2 2 2 1 2
2 1 2 0 1 8
2 2 2 2 1 2
2 1 2 1 1 6
2 2 2 2 1 2
2 1 2 2 1 4
2 2 2 2 1 2
2 1 2 4 1 0
2 2 2 2 1 2
2 2 2 1 1 4
2 2 2 2 1 2
2 2 2 3 1 0
2 2 2 2 1 2
2 3 2 0 1 4
2 2 2 2 1 2
2 3 2 1 1 2
2 2 2 2 1 2
2 3 2 2 1 0
2 2 2 2 1 2
2 4 2 0 1 2
2 2 2 2 1 2
2 4 2 1 1 0
2 2 2 2 1 2
2 5 2 0 1 0
2 2 2 3 1 0
2 0 2 1 1 8
2 2 2 3 1 0
2 0 2 2 1 6
2 2 2 3 1 0
2 0 2 3 1 4
2 2 2 3 1 0
2 1 2 0 1 8
2 2 2 3 1 0
2 1 2 1 1 6
2 2 2 3 1 0
2 1 2 2 1 4
2 2 2 3 1 0
2 1 2 3 1 2
2 2 2 3 1 0
2 2 2 0 1 6
2 2 2 3 1 0
2 2 2 1 1 4
2 2 2 3 1 0
2 2 2 2 1 2
2 2 2 3 1 0
2 3 2 0 1 4
2 2 2 3 1 0
2 3 2 1 1 2
2 2 2 3 1 0
2 4 2 0 1 2
2 3 2 0 1 4
2 0 2 1 1 8
2 3 2 0 1 4
2 0 2 3 1 4
2 3 2 0 1 4
2 0 2 4 1 2
2 3 2 0 1 4
2 1 2 1 1 6
2 3 2 0 1 4
2 1 2 2 1 4
2 3 2 0 1 4
2 1 2 3 1 2
2 3 2 0 1 4
2 2 2 1 1 4
2 3 2 0 1 4
2 2 2 2 1 2
2 3 2 0 1 4
2 2 2 3 1 0
2 3 2 0 1 4
2 3 2 2 1 0
2 3 2 0 1 4
2 4 2 1 1 0
2 3 2 1 1 2
2 0 2 0 1 10
2 3 2 1 1 2
2 0 2 2 1 6
2 3 2 1 1 2
2 0 2 4 1 2
2 3 2 1 1 2
2 0 2 5 1 0
2 3 2 1 1 2
2 1 2 0 1 8
2 3 2 1 1 2
2 1 2 1 1 6
2 3 2 1 1 2
2 1 2 3 1 2
2 3 2 1 1 2
2 1 2 4 1 0
2 3 2 1 1 2
2 2 2 1 1 4
2 3 2 1 1 2
2 2 2 2 1 2
2 3 2 1 1 2
2 2 2 3 1 0
2 3 2 1 1 2
2 3 2 1 1 2
2 3 2 1 1 2
2 3 2 2 1 0
2 3 2 1 1 2
2 4 2 1 1 0
2 3 2 1 1 2
2 5 2 0 1 0
2 3 2 2 1 0
2 0 2 1 1 8
2 3 2 2 1 0
2 0 2 2 1 6
2 3 2 2 1 0
2 0 2 3 1 4
2 3 2 2 1 0
2 0 2 4 1 2
2 3 2 2 1 0
2 1 2 1 1 6
2 3 2 2 1 0
2 1 2 2 1 4
2 3 2 2 1 0
2 1 2 3 1 2
2 3 2 2 1 0
2 2 2 0 1 6
2 3 2 2 1 0
2 2 2 1 1 4
2 3 2 2 1 0
2 2 2 2 1 2
2 3 2 2 1 0
2 3 2 0 1 4
2 3 2 2 1 0
2 3 2 1 1 2
2 3 2 2 1 0
2 4 2 0 1 2
2 4 2 0 1 2
2 0 2 1 1 8
2 4 2 0 1 2
2 0 2 2 1 6
2 4 2 0 1 2
2 0 2 3 1 4
2 4 2 0 1 2
2 0 2 4 1 2
2 4 2 0 1 2
2 1 2 1 1 6
2 4 2 0 1 2
2 1 2 2 1 4
2 4 2 0 1 2
2 1 2 3 1 2
2 4 2 0 1 2
2 1 2 4 1 0
2 4 2 0 1 2
2 2 2 1 1 4
2 4 2 0 1 2
2 2 2 2 1 2
2 4 2 0 1 2
2 2 2 3 1 0
2 4 2 0 1 2
2 3 2 2 1 0
2 4 2 0 1 2
2 4 2 1 1 0
2 4 2 1 1 0
2 0 2 1 1 8
2 4 2 1 1 0
2 0 2 2 1 6
2 4 2 1 1 0
2 0 2 3 1 4
2 4 2 1 1 0
2 0 2 4 1 2
2 4 2 1 1 0
2 1 2 0 1 8
2 4 2 1 1 0
2 1 2 1 1 6
2 4 2 1 1 0
2 1 2 2 1 4
2 4 2 1 1 0
2 2 2 0 1 6
2 4 2 1 1 0
2 2 2 1 1 4
2 4 2 1 1 0
2 2 2 2 1 2
2 4 2 1 1 0
2 3 2 0 1 4
2 4 2 1 1 0
2 4 2 0 1 2
2 5 2 0 1 0
2 1 2 1 1 6
2 5 2 0 1 0
2 1 2 2 1 4
2 5 2 0 1 0
2 2 2 1 1 4
2 5 2 0 1 0
2 2 2 2 1 2
2 5 2 0 1 0
2 3 2 1 1 2
3 0 1 0 1 10
3 1 1 1 1 6
3 0 1 0 1 10
3 1 1 2 1 5
3 0 1 0 1 10
3 1 1 3 1 4
3 0 1 0 1 10
3 1 1 4 1 3
3 0 1 0 1 10
3 1 1 5 1 2
3 0 1 0 1 10
3 1 1 6 1 1
3 0 1 0 1 10
3 2 1 2 1 2
3 0 1 0 1 10
3 2 1 3 1 1
3 0 1 1 1 9
3 1 1 0 1 7
3 0 1 1 1 9
3 1 1 1 1 6
3 0 1 1 1 9
3 1 1 2 1 5
3 0 1 1 1 9
3 1 1 3 1 4
3 0 1 1 1 9
3 1 1 4 1 3
3 0 1 1 1 9
3 1 1 5 1 2
3 0 1 1 1 9
3 1 1 6 1 1
3 0 1 1 1 9
3 2 1 0 1 4
3 0 1 1 1 9
3 2 1 1 1 3
3 0 1 1 1 9
3 2 1 2 1 2
3 0 1 1 1 9
3 2 1 3 1 1
3 0 1 1 1 9
3 2 1 4 1 0
3 0 1 1 1 9
3 3 1 0 1 1
3 0 1 1 1 9
3 3 1 1 1 0
3 0 1 2 1 8
3 1 1 0 1 7
3 0 1 2 1 8
3 1 1 2 1 5
3 0 1 2 1 8
3 1 1 3 1 4
3 0 1 2 1 8
3 1 1 5 1 2
3 0 1 2 1 8
3 1 1 6 1 1
3 0 1 2 1 8
3 1 1 7 1 0
3 0 1 2 1 8
3 2 1 0 1 4
3 0 1 2 1 8
3 2 1 1 1 3
3 0 1 2 1 8
3 2 1 2 1 2
3 0 1 2 1 8
3 2 1 3 1 1
3 0 1 2 1 8
3 2 1 4 1 0
3 0 1 2 1 8
3 3 1 1 1 0
3 0 1 3 1 7
3 1 1 1 1 6
3 0 1 3 1 7
3 1 1 2 1 5
3 0 1 3 1 7
3 1 1 3 1 4
3 0 1 3 1 7
3 1 1 4 1 3
3 0 1 3 1 7
3 1 1 5 1 2
3 0 1 3 1 7
3 1 1 6 1 1
3 0 1 3 1 7
3 1 1 7 1 0
3 0 1 3 1 7
3 2 1 0 1 4
3 0 1 3 1 7
3 2 1 1 1 3
3 0 1 3 1 7
3 2 1 2 1 2
3 0 1 3 1 7
3 2 1 3 1 1
3 0 1 3 1 7
3 2 1 4 1 0
3 0 1 3 1 7
3 3 1 0 1 1
3 0 1 3 1 7
3 3 1 1 1 0
3 0 1 4 1 6
3 1 1 0 1 7
3 0 1 4 1 6
3 1 1 1 1 6
3 0 1 4 1 6
3 1 1 3 1 4
3 0 1 4 1 6
3 1 1 4 1 3
3 0 1 4 1 6
3 1 1 5 1 2
3 0 1 4 1 6
3 1 1 6 1 1
3 0 1 4 1 6
3 2 1 0 1 4
3 0 1 4 1 6
3 2 1 1 1 3
3 0 1 4 1 6
3 2 1 2 1 2
3 0 1 4 1 6
3 3 1 0 1 1
3 0 1 4 1 6
3 3 1 1 1 0
3 0 1 5 1 5
3 1 1 0 1 7
3 0 1 5 1 5
3 1 1 1 1 6
3 0 1 5 1 5
3 1 1 2 1 5
3 0 1 5 1 5
3 1 1 3 1 4
3 0 1 5 1 5
3 1 1 4 1 3
3 0 1 5 1 5
3 1 1 5 1 2
3 0 1 5 1 5
3 1 1 6 1 1
3 0 1 5 1 5
3 1 1 7 1 0
3 0 1 5 1 5
3 2 1 0 1 4
3 0 1 5 1 5
3 2 1 1 1 3
3 0 1 5 1 5
3 2 1 2 1 2
3 0 1 5 1 5
3 2 1 3 1 1
3 0 1 5 1 5
3 3 1 0 1 1
3 0 1 6 1 4
3 1 1 0 1 7
3 0 1 6 1 4
3 1 1 1 1 6
3 0 1 6 1 4
3 1 1 2 1 5
3 0 1 6 1 4
3 1 1 3 1 4
3 0 1 6 1 4
3 1 1 4 1 3
3 0 1 6 1 4
3 1 1 5 1 2
3 0 1 6 1 4
3 1 1 6 1 1
3 0 1 6 1 4
3 1 1 7 1 0
3 0 1 6 1 4
3 2 1 0 1 4
3 0 1 6 1 4
3 2 1 2 1 2
3 0 1 6 1 4
3 2 1 3 1 1
3 0 1 6 1 4
3 2 1 4 1 0
3 0 1 6 1 4
3 3 1 0 1 1
3 0 1 6 1 4
3 3 1 1 1 0
3 0 1 7 1 3
3 1 1 0 1 7
3 0 1 7 1 3
3 1 1 1 1 6
3 0 1 7 1 3
3 1 1 2 1 5
3 0 1 7 1 3
3 1 1 4 1 3
3 0 1 7 1 3
3 1 1 5 1 2
3 0 1 7 1 3
3 1 1 6 1 1
3 0 1 7 1 3
3 1 1 7 1 0
3 0 1 7 1 3
3 2 1 0 1 4
3 0 1 7 1 3
3 2 1 2 1 2
3 0 1 7 1 3
3 2 1 3 1 1
3 0 1 7 1 3
3 2 1 4 1 0
3 0 1 7 1 3
3 3 1 0 1 1
3 0 1 7 1 3
3 3 1 1 1 0
3 0 1 8 1 2
3 1 1 0 1 7
3 0 1 8 1 2
3 1 1 2 1 5
3 0 1 8 1 2
3 1 1 3 1 4
3 0 1 8 1 2
3 1 1 4 1 3
3 0 1 8 1 2
3 1 1 5 1 2
3 0 1 8 1 2
3 1 1 6 1 1
3 0 1 8 1 2
3 1 1 7 1 0
3 0 1 8 1 2
3 2 1 0 1 4
3 0 1 8 1 2
3 2 1 1 1 3
3 0 1 8 1 2
3 2 1 2 1 2
3 0 1 8 1 2
3 2 1 3 1 1
3 0 1 8 1 2
3 2 1 4 1 0
3 0 1 8 1 2
3 3 1 0 1 1
3 0 1 8 1 2
3 3 1 1 1 0
3 0 1 9 1 1
3 1 1 0 1 7
3 0 1 9 1 1
3 1 1 3 1 4
3 0 1 9 1 1
3 1 1 4 1 3
3 0 1 9 1 1
3 1 1 5 1 2
3 0 1 9 1 1
3 1 1 6 1 1
3 0 1 9 1 1
3 1 1 7 1 0
3 0 1 9 1 1
3 2 1 0 1 4
3 0 1 9 1 1
3 2 1 1 1 3
3 0 1 9 1 1
3 2 1 2 1 2
3 0 1 9 1 1
3 2 1 4 1 0
3 0 1 9 1 1
3 3 1 0 1 1
3 0 1 9 1 1
3 3 1 1 1 0
3 0 1 10 1 0
3 1 1 1 1 6
3 0 1 10 1 0
3 1 1 2 1 5
3 0 1 10 1 0
3 1 1 3 1 4
3 0 1 10 1 0
3 1 1 4 1 3
3 0 1 10 1 0
3 1 1 5 1 2
3 0 1 10 1 0
3 2 1 1 1 3
3 0 1 10 1 0
3 2 1 2 1 2
3 0 1 10 1 0
3 2 1 3 1 1
3 1 1 0 1 7
3 0 1 2 1 8
3 1 1 0 1 7
3 0 1 4 1 6
3 1 1 0 1 7
3 0 1 5 1 5
3 1 1 0 1 7
3 0 1 6 1 4
3 1 1 0 1 7
3 0 1 7 1 3
3 1 1 0 1 7
3 0 1 8 1 2
3 1 1 0 1 7
3 0 1 9 1 1
3 1 1 0 1 7
3 1 1 1 1 6
3 1 1 0 1 7
3 1 1 2 1 5
3 1 1 0 1 7
3 1 1 3 1 4
3 1 1 0 1 7
3 1 1 4 1 3
3 1 1 0 1 7
3 1 1 5 1 2
3 1 1 0 1 7
3 1 1 6 1 1
3 1 1 0 1 7
3 1 1 7 1 0
3 1 1 0 1 7
3 2 1 1 1 3
3 1 1 0 1 7
3 2 1 2 1 2
3 1 1 0 1 7
3 2 1 3 1 1
3 1 1 0 1 7
3 3 1 1 1 0
3 1 1 1 1 6
3 0 1 0 1 10
3 1 1 1 1 6
3 0 1 1 1 9
3 1 1 1 1 6
3 0 1 2 1 8
3 1 1 1 1 6
3 0 1 3 1 7
3 1 1 1 1 6
3 0 1 4 1 6
3 1 1 1 1 6
3 0 1 5 1 5
3 1 1 1 1 6
3 0 1 6 1 4
3 1 1 1 1 6
3 0 1 7 1 3
3 1 1 1 1 6
3 0 1 10 1 0
3 1 1 1 1 6
3 1 1 0 1 7
3 1 1 1 1 6
3 1 1 2 1 5
3 1 1 1 1 6
3 1 1 3 1 4
3 1 1 1 1 6
3 1 1 4 1 3
3 1 1 1 1 6
3 1 1 5 1 2
3 1 1 1 1 6
3 1 1 7 1 0
3 1 1 1 1 6
3 2 1 0 1 4
3 1 1 1 1 6
3 2 1 2 1 2
3 1 1 1 1 6
3 2 1 3 1 1
3 1 1 1 1 6
3 2 1 4 1 0
3 1 1 1 1 6
3 3 1 1 1 0
3 1 1 2 1 5
3 0 1 0 1 10
3 1 1 2 1 5
3 0 1 1 1 9
3 1 1 2 1 5
3 0 1 2 1 8
3 1 1 2 1 5
3 0 1 3 1 7
3 1 1 2 1 5
3 0 1 5 1 5
3 1 1 2 1 5
3 0 1 6 1 4
3 1 1 2 1 5
3 0 1 7 1 3
3 1 1 2 1 5
3 0 1 8 1 2
3 1 1 2 1 5
3 0 1 10 1 0
3 1 1 2 1 5
3 1 1 0 1 7
3 1 1 2 1 5
3 1 1 1 1 6
3 1 1 2 1 5
3 1 1 2 1 5
3 1 1 2 1 5
3 1 1 3 1 4
3 1 1 2 1 5
3 1 1 4 1 3
3 1 1 2 1 5
3 1 1 5 1 2
3 1 1 2 1 5
3 1 1 6 1 1
3 1 1 2 1 5
3 1 1 7 1 0
3 1 1 2 1 5
3 2 1 1 1 3
3 1 1 2 1 5
3 2 1 2 1 2
3 1 1 2 1 5
3 2 1 3 1 1
3 1 1 2 1 5
3 2 1 4 1 0
3 1 1 2 1 5
3 3 1 0 1 1
3 1 1 2 1 5
3 3 1 1 1 0
3 1 1 3 1 4
3 0 1 0 1 10
3 1 1 3 1 4
3 0 1 1 1 9
3 1 1 3 1 4
3 0 1 3 1 7
3 1 1 3 1 4
3 0 1 4 1 6
3 1 1 3 1 4
3 0 1 5 1 5
3 1 1 3 1 4
3 0 1 6 1 4
3 1 1 3 1 4
3 0 1 8 1 2
3 1 1 3 1 4
3 0 1 9 1 1
3 1 1 3 1 4
3 0 1 10 1 0
3 1 1 3 1 4
3 1 1 0 1 7
3 1 1 3 1 4
3 1 1 1 1 6
3 1 1 3 1 4
3 1 1 2 1 5
3 1 1 3 1 4
3 1 1 4 1 3
3 1 1 3 1 4
3 1 1 5 1 2
3 1 1 3 1 4
3 2 1 0 1 4
3 1 1 3 1 4
3 2 1 1 1 3
3 1 1 3 1 4
3 2 1 2 1 2
3 1 1 3 1 4
3 2 1 3 1 1
3 1 1 3 1 4
3 2 1 4 1 0
3 1 1 3 1 4
3 3 1 0 1 1
3 1 1 3 1 4
3 3 1 1 1 0
3 1 1 4 1 3
3 0 1 0 1 10
3 1 1 4 1 3
3 0 1 1 1 9
3 1 1 4 1 3
3 0 1 3 1 7
3 1 1 4 1 3
3 0 1 4 1 6
3 1 1 4 1 3
3 0 1 5 1 5
3 1 1 4 1 3
3 0 1 6 1 4
3 1 1 4 1 3
3 0 1 7 1 3
3 1 1 4 1 3
3 0 1 8 1 2
3 1 1 4 1 3
3 0 1 9 1 1
3 1 1 4 1 3
3 0 1 10 1 0
3 1 1 4 1 3
3 1 1 0 1 7
3 1 1 4 1 3
3 1 1 1 1 6
3 1 1 4 1 3
3 1 1 3 1 4
3 1 1 4 1 3
3 1 1 4 1 3
3 1 1 4 1 3
3 1 1 5 1 2
3 1 1 4 1 3
3 1 1 6 1 1
3 1 1 4 1 3
3 1 1 7 1 0
3 1 1 4 1 3
3 2 1 0 1 4
3 1 1 4 1 3
3 2 1 1 1 3
3 1 1 4 1 3
3 2 1 2 1 2
3 1 1 4 1 3
3 2 1 3 1 1
3 1 1 4 1 3
3 2 1 4 1 0
3 1 1 4 1 3
3 3 1 0 1 1
3 1 1 4 1 3
3 3 1 1 1 0
3 1 1 5 1 2
3 0 1 0 1 10
3 1 1 5 1 2
3 0 1 2 1 8
3 1 1 5 1 2
3 0 1 3 1 7
3 1 1 5 1 2
3 0 1 5 1 5
3 1 1 5 1 2
3 0 1 6 1 4
3 1 1 5 1 2
3 0 1 8 1 2
3 1 1 5 1 2
3 0 1 9 1 1
3 1 1 5 1 2
3 0 1 10 1 0
3 1 1 5 1 2
3 1 1 0 1 7
3 1 1 5 1 2
3 1 1 1 1 6
3 1 1 5 1 2
3 1 1 2 1 5
3 1 1 5 1 2
3 1 1 3 1 4
3 1 1 5 1 2
3 1 1 4 1 3
3 1 1 5 1 2
3 1 1 5 1 2
3 1 1 5 1 2
3 1 1 6 1 1
3 1 1 5 1 2
3 1 1 7 1 0
3 1 1 5 1 2
3 2 1 0 1 4
3 1 1 5 1 2
3 2 1 1 1 3
3 1 1 5 1 2
3 2 1 2 1 2
3 1 1 5 1 2
3 2 1 3 1 1
3 1 1 5 1 2
3 2 1 4 1 0
3 1 1 5 1 2
3 3 1 0 1 1
3 1 1 5 1 2
3 3 1 1 1 0
3 1 1 6 1 1
3 0 1 0 1 10
3 1 1 6 1 1
3 0 1 1 1 9
3 1 1 6 1 1
3 0 1 2 1 8
3 1 1 6 1 1
3 0 1 3 1 7
3 1 1 6 1 1
3 0 1 4 1 6
3 1 1 6 1 1
3 0 1 5 1 5
3 1 1 6 1 1
3 0 1 6 1 4
3 1 1 6 1 1
3 0 1 7 1 3
3 1 1 6 1 1
3 0 1 8 1 2
3 1 1 6 1 1
3 0 1 9 1 1
3 1 1 6 1 1
3 0 1 10 1 0
3 1 1 6 1 1
3 1 1 0 1 7
3 1 1 6 1 1
3 1 1 2 1 5
3 1 1 6 1 1
3 1 1 3 1 4
3 1 1 6 1 1
3 1 1 4 1 3
3 1 1 6 1 1
3 1 1 5 1 2
3 1 1 6 1 1
3 1 1 6 1 1
3 1 1 6 1 1
3 1 1 7 1 0
3 1 1 6 1 1
3 2 1 0 1 4
3 1 1 6 1 1
3 2 1 1 1 3
3 1 1 6 1 1
3 2 1 2 1 2
3 1 1 6 1 1
3 2 1 3 1 1
3 1 1 6 1 1
3 2 1 4 1 0
3 1 1 6 1 1
3 3 1 0 1 1
3 1 1 7 1 0
3 0 1 2 1 8
3 1 1 7 1 0
3 0 1 3 1 7
3 1 1 7 1 0
3 0 1 6 1 4
3 1 1 7 1 0
3 0 1 7 1 3
3 1 1 7 1 0
3 0 1 8 1 2
3 1 1 7 1 0
3 0 1 9 1 1
3 1 1 7 1 0
3 1 1 0 1 7
3 1 1 7 1 0
3 1 1 1 1 6
3 1 1 7 1 0
3 1 1 2 1 5
3 1 1 7 1 0
3 1 1 3 1 4
3 1 1 7 1 0
3 1 1 4 1 3
3 1 1 7 1 0
3 1 1 5 1 2
3 1 1 7 1 0
3 1 1 6 1 1
3 1 1 7 1 0
3 2 1 1 1 3
3 1 1 7 1 0
3 2 1 2 1 2
3 1 1 7 1 0
3 2 1 3 1 1
3 1 1 7 1 0
3 3 1 0 1 1
3 2 1 0 1 4
3 0 1 1 1 9
3 2 1 0 1 4
3 0 1 2 1 8
3 2 1 0 1 4
3 0 1 3 1 7
3 2 1 0 1 4
3 0 1 4 1 6
3 2 1 0 1 4
3 0 1 5 1 5
3 2 1 0 1 4
3 0 1 6 1 4
3 2 1 0 1 4
3 0 1 7 1 3
3 2 1 0 1 4
3 0 1 8 1 2
3 2 1 0 1 4
3 0 1 9 1 1
3 2 1 0 1 4
3 1 1 1 1 6
3 2 1 0 1 4
3 1 1 3 1 4
3 2 1 0 1 4
3 1 1 4 1 3
3 2 1 0 1 4
3 1 1 5 1 2
3 2 1 0 1 4
3 1 1 6 1 1
3 2 1 0 1 4
3 2 1 2 1 2
3 2 1 0 1 4
3 2 1 3 1 1
3 2 1 0 1 4
3 2 1 4 1 0
3 2 1 0 1 4
3 3 1 1 1 0
3 2 1 1 1 3
3 0 1 0 1 10
3 2 1 1 1 3
3 0 1 1 1 9
3 2 1 1 1 3
3 0 1 2 1 8
3 2 1 1 1 3
3 0 1 3 1 7
3 2 1 1 1 3
3 0 1 4 1 6
3 2 1 1 1 3
3 0 1 5 1 5
3 2 1 1 1 3
3 0 1 8 1 2
3 2 1 1 1 3
3 0 1 9 1 1
3 2 1 1 1 3
3 0 1 10 1 0
3 2 1 1 1 3
3 1 1 0 1 7
3 2 1 1 1 3
3 1 1 2 1 5
3 2 1 1 1 3
3 1 1 3 1 4
3 2 1 1 1 3
3 1 1 4 1 3
3 2 1 1 1 3
3 1 1 5 1 2
3 2 1 1 1 3
3 1 1 6 1 1
3 2 1 1 1 3
3 1 1 7 1 0
3 2 1 1 1 3
3 2 1 1 1 3
3 2 1 1 1 3
3 2 1 2 1 2
3 2 1 1 1 3
3 2 1 3 1 1
3 2 1 1 1 3
3 2 1 4 1 0
3 2 1 1 1 3
3 3 1 0 1 1
3 2 1 1 1 3
3 3 1 1 1 0
3 2 1 2 1 2
3 0 1 0 1 10
3 2 1 2 1 2
3 0 1 1 1 9
3 2 1 2 1 2
3 0 1 2 1 8
3 2 1 2 1 2
3 0 1 3 1 7
3 2 1 2 1 2
3 0 1 4 1 6
3 2 1 2 1 2
3 0 1 5 1 5
3 2 1 2 1 2
3 0 1 6 1 4
3 2 1 2 1 2
3 0 1 7 1 3
3 2 1 2 1 2
3 0 1 8 1 2
3 2 1 2 1 2
3 0 1 9 1 1
3 2 1 2 1 2
3 0 1 10 1 0
3 2 1 2 1 2
3 1 1 0 1 7
3 2 1 2 1 2
3 1 1 1 1 6
3 2 1 2 1 2
3 1 1 2 1 5
3 2 1 2 1 2
3 1 1 3 1 4
3 2 1 2 1 2
3 1 1 4 1 3
3 2 1 2 1 2
3 1 1 5 1 2
3 2 1 2 1 2
3 1 1 6 1 1
3 2 1 2 1 2
3 1 1 7 1 0
3 2 1 2 1 2
3 2 1 1 1 3
3 2 1 2 1 2
3 2 1 2 1 2
3 2 1 2 1 2
3 2 1 3 1 1
3 2 1 2 1 2
3 2 1 4 1 0
3 2 1 2 1 2
3 3 1 0 1 1
3 2 1 2 1 2
3 3 1 1 1 0
3 2 1 3 1 1
3 0 1 0 1 10
3 2 1 3 1 1
3 0 1 1 1 9
3 2 1 3 1 1
3 0 1 2 1 8
3 2 1 3 1 1
3 0 1 3 1 7
3 2 1 3 1 1
3 0 1 5 1 5
3 2 1 3 1 1
3 0 1 6 1 4
3 2 1 3 1 1
3 0 1 7 1 3
3 2 1 3 1 1
3 0 1 8 1 2
3 2 1 3 1 1
3 0 1 10 1 0
3 2 1 3 1 1
3 1 1 0 1 7
3 2 1 3 1 1
3 1 1 1 1 6
3 2 1 3 1 1
3 1 1 2 1 5
3 2 1 3 1 1
3 1 1 3 1 4
3 2 1 3 1 1
3 1 1 4 1 3
3 2 1 3 1 1
3 1 1 5 1 2
3 2 1 3 1 1
3 1 1 6 1 1
3 2 1 3 1 1
3 1 1 7 1 0
3 2 1 3 1 1
3 2 1 0 1 4
3 2 1 3 1 1
3 2 1 1 1 3
3 2 1 3 1 1
3 2 1 2 1 2
3 2 1 3 1 1
3 2 1 3 1 1
3 2 1 3 1 1
3 2 1 4 1 0
3 2 1 3 1 1
3 3 1 0 1 1
3 2 1 4 1 0
3 0 1 1 1 9
3 2 1 4 1 0
3 0 1 2 1 8
3 2 1 4 1 0
3 0 1 3 1 7
3 2 1 4 1 0
3 0 1 4 1 6
3 2 1 4 1 0
3 0 1 5 1 5
3 2 1 4 1 0
3 0 1 6 1 4
3 2 1 4 1 0
3 0 1 7 1 3
3 2 1 4 1 0
3 0 1 8 1 2
3 2 1 4 1 0
3 0 1 9 1 1
3 2 1 4 1 0
3 1 1 1 1 6
3 2 1 4 1 0
3 1 1 2 1 5
3 2 1 4 1 0
3 1 1 3 1 4
3 2 1 4 1 0
3 1 1 4 1 3
3 2 1 4 1 0
3 1 1 5 1 2
3 2 1 4 1 0
3 2 1 2 1 2
3 2 1 4 1 0
3 3 1 0 1 1
3 3 1 0 1 1
3 0 1 1 1 9
3 3 1 0 1 1
3 0 1 2 1 8
3 3 1 0 1 1
3 0 1 3 1 7
3 3 1 0 1 1
3 0 1 4 1 6
3 3 1 0 1 1
3 0 1 5 1 5
3 3 1 0 1 1
3 0 1 6 1 4
3 3 1 0 1 1
3 0 1 7 1 3
3 3 1 0 1 1
3 0 1 8 1 2
3 3 1 0 1 1
3 0 1 9 1 1
3 3 1 0 1 1
3 1 1 2 1 5
3 3 1 0 1 1
3 1 1 3 1 4
3 3 1 0 1 1
3 1 1 4 1 3
3 3 1 0 1 1
3 1 1 5 1 2
3 3 1 0 1 1
3 1 1 6 1 1
3 3 1 0 1 1
3 1 1 7 1 0
3 3 1 0 1 1
3 2 1 1 1 3
3 3 1 0 1 1
3 2 1 2 1 2
3 3 1 0 1 1
3 2 1 3 1 1
3 3 1 0 1 1
3 2 1 4 1 0
3 3 1 0 1 1
3 3 1 1 1 0
3 3 1 1 1 0
3 0 1 1 1 9
3 3 1 1 1 0
3 0 1 2 1 8
3 3 1 1 1 0
3 0 1 4 1 6
3 3 1 1 1 0
3 0 1 6 1 4
3 3 1 1 1 0
3 0 1 7 1 3
3 3 1 1 1 0
3 0 1 8 1 2
3 3 1 1 1 0
3 0 1 9 1 1
3 3 1 1 1 0
3 1 1 0 1 7
3 3 1 1 1 0
3 1 1 1 1 6
3 3 1 1 1 0
3 1 1 2 1 5
3 3 1 1 1 0
3 1 1 3 1 4
3 3 1 1 1 0
3 1 1 4 1 3
3 3 1 1 1 0
3 1 1 5 1 2
3 3 1 1 1 0
3 2 1 0 1 4
3 3 1 1 1 0
3 2 1 1 1 3
3 3 1 1 1 0
3 2 1 2 1 2
3 3 1 1 1 0
3 2 1 3 1 1
3 3 1 1 1 0
3 3 1 0 1 1
1 0 1 2 4 2
1 1 1 1 4 2
1 0 1 2 4 2
1 1 1 5 4 1
1 0 1 2 4 2
1 1 1 9 4 0
1 0 1 2 4 2
1 2 1 0 4 2
1 0 1 2 4 2
1 2 1 4 4 1
1 0 1 2 4 2
1 2 1 8 4 0
1 0 1 2 4 2
1 3 1 3 4 1
1 0 1 2 4 2
1 4 1 2 4 1
1 0 1 2 4 2
1 4 1 6 4 0
1 0 1 2 4 2
1 5 1 1 4 1
1 0 1 2 4 2
1 5 1 5 4 0
1 0 1 2 4 2
1 6 1 0 4 1
1 0 1 2 4 2
1 6 1 4 4 0
1 0 1 2 4 2
1 7 1 3 4 0
1 0 1 2 4 2
1 8 1 2 4 0
1 0 1 2 4 2
1 9 1 1 4 0
1 0 1 6 4 1
1 1 1 1 4 2
1 0 1 6 4 1
1 1 1 5 4 1
1 0 1 6 4 1
1 1 1 9 4 0
1 0 1 6 4 1
1 2 1 0 4 2
1 0 1 6 4 1
1 2 1 4 4 1
1 0 1 6 4 1
1 2 1 8 4 0
1 0 1 6 4 1
1 3 1 3 4 1
1 0 1 6 4 1
1 3 1 7 4 0
1 0 1 6 4 1
1 4 1 2 4 1
1 0 1 6 4 1
1 4 1 6 4 0
1 0 1 6 4 1
1 5 1 5 4 0
1 0 1 6 4 1
1 6 1 4 4 0
1 0 1 6 4 1
1 7 1 3 4 0
1 0 1 6 4 1
1 8 1 2 4 0
1 0 1 6 4 1
1 9 1 1 4 0
1 0 1 10 4 0
1 1 1 1 4 2
1 0 1 10 4 0
1 1 1 5 4 1
1 0 1 10 4 0
1 2 1 4 4 1
1 0 1 10 4 0
1 3 1 3 4 1
1 0 1 10 4 0
1 4 1 2 4 1
1 0 1 10 4 0
1 5 1 1 4 1
1 1 1 1 4 2
1 0 1 2 4 2
1 1 1 1 4 2
1 0 1 6 4 1
1 1 1 1 4 2
1 1 1 1 4 2
1 1 1 1 4 2
1 1 1 5 4 1
1 1 1 1 4 2
1 1 1 9 4 0
1 1 1 1 4 2
1 2 1 4 4 1
1 1 1 1 4 2
1 2 1 8 4 0
1 1 1 1 4 2
1 3 1 3 4 1
1 1 1 1 4 2
1 3 1 7 4 0
1 1 1 1 4 2
1 4 1 2 4 1
1 1 1 1 4 2
1 4 1 6 4 0
1 1 1 1 4 2
1 5 1 5 4 0
1 1 1 1 4 2
1 6 1 0 4 1
1 1 1 1 4 2
1 6 1 4 4 0
1 1 1 1 4 2
1 7 1 3 4 0
1 1 1 1 4 2
1 8 1 2 4 0
1 1 1 1 4 2
1 9 1 1 4 0
1 1 1 1 4 2
1 10 1 0 4 0
1 1 1 5 4 1
1 0 1 2 4 2
1 1 1 5 4 1
1 0 1 6 4 1
1 1 1 5 4 1
1 0 1 10 4 0
1 1 1 5 4 1
1 1 1 1 4 2
1 1 1 5 4 1
1 1 1 5 4 1
1 1 1 5 4 1
1 1 1 9 4 0
1 1 1 5 4 1
1 2 1 0 4 2
1 1 1 5 4 1
1 2 1 4 4 1
1 1 1 5 4 1
1 2 1 8 4 0
1 1 1 5 4 1
1 3 1 3 4 1
1 1 1 5 4 1
1 3 1 7 4 0
1 1 1 5 4 1
1 4 1 2 4 1
1 1 1 5 4 1
1 5 1 1 4 1
1 1 1 5 4 1
1 5 1 5 4 0
1 1 1 5 4 1
1 6 1 0 4 1
1 1 1 5 4 1
1 6 1 4 4 0
1 1 1 5 4 1
1 7 1 3 4 0
1 1 1 5 4 1
1 10 1 0 4 0
1 1 1 9 4 0
1 0 1 2 4 2
1 1 1 9 4 0
1 0 1 6 4 1
1 1 1 9 4 0
1 1 1 1 4 2
1 1 1 9 4 0
1 1 1 5 4 1
1 1 1 9 4 0
1 2 1 0 4 2
1 1 1 9 4 0
1 2 1 4 4 1
1 1 1 9 4 0
1 3 1 3 4 1
1 1 1 9 4 0
1 4 1 2 4 1
1 1 1 9 4 0
1 6 1 0 4 1
1 2 1 0 4 2
1 0 1 2 4 2
1 2 1 0 4 2
1 0 1 6 4 1
1 2 1 0 4 2
1 1 1 1 4 2
1 2 1 0 4 2
1 1 1 5 4 1
1 2 1 0 4 2
1 1 1 9 4 0
1 2 1 0 4 2
1 2 1 4 4 1
1 2 1 0 4 2
1 2 1 8 4 0
1 2 1 0 4 2
1 3 1 3 4 1
1 2 1 0 4 2
1 3 1 7 4 0
1 2 1 0 4 2
1 4 1 2 4 1
1 2 1 0 4 2
1 4 1 6 4 0
1 2 1 0 4 2
1 5 1 1 4 1
1 2 1 0 4 2
1 5 1 5 4 0
1 2 1 0 4 2
1 6 1 4 4 0
1 2 1 0 4 2
1 7 1 3 4 0
1 2 1 0 4 2
1 8 1 2 4 0
1 2 1 0 4 2
1 9 1 1 4 0
1 2 1 4 4 1
1 0 1 2 4 2
1 2 1 4 4 1
1 0 1 6 4 1
1 2 1 4 4 1
1 0 1 10 4 0
1 2 1 4 4 1
1 1 1 1 4 2
1 2 1 4 4 1
1 1 1 5 4 1
1 2 1 4 4 1
1 1 1 9 4 0
1 2 1 4 4 1
1 2 1 0 4 2
1 2 1 4 4 1
1 2 1 4 4 1
1 2 1 4 4 1
1 2 1 8 4 0
1 2 1 4 4 1
1 3 1 3 4 1
1 2 1 4 4 1
1 3 1 7 4 0
1 2 1 4 4 1
1 4 1 2 4 1
1 2 1 4 4 1
1 4 1 6 4 0
1 2 1 4 4 1
1 5 1 1 4 1
1 2 1 4 4 1
1 5 1 5 4 0
1 2 1 4 4 1
1 6 1 0 4 1
1 2 1 4 4 1
1 6 1 4 4 0
1 2 1 4 4 1
1 7 1 3 4 0
1 2 1 4 4 1
1 8 1 2 4 0
1 2 1 4 4 1
1 9 1 1 4 0
1 2 1 4 4 1
1 10 1 0 4 0
1 2 1 8 4 0
1 0 1 2 4 2
1 2 1 8 4 0
1 0 1 6 4 1
1 2 1 8 4 0
1 1 1 1 4 2
1 2 1 8 4 0
1 1 1 5 4 1
1 2 1 8 4 0
1 2 1 0 4 2
1 2 1 8 4 0
1 2 1 4 4 1
1 2 1 8 4 0
1 6 1 0 4 1
1 3 1 3 4 1
1 0 1 2 4 2
1 3 1 3 4 1
1 0 1 6 4 1
1 3 1 3 4 1
1 0 1 10 4 0
1 3 1 3 4 1
1 1 1 1 4 2
1 3 1 3 4 1
1 1 1 5 4 1
1 3 1 3 4 1
1 1 1 9 4 0
1 3 1 3 4 1
1 2 1 0 4 2
1 3 1 3 4 1
1 2 1 4 4 1
1 3 1 3 4 1
1 3 1 3 4 1
1 3 1 3 4 1
1 3 1 7 4 0
1 3 1 3 4 1
1 4 1 2 4 1
1 3 1 3 4 1
1 4 1 6 4 0
1 3 1 3 4 1
1 5 1 1 4 1
1 3 1 3 4 1
1 6 1 0 4 1
1 3 1 3 4 1
1 6 1 4 4 0
1 3 1 3 4 1
1 8 1 2 4 0
1 3 1 3 4 1
1 9 1 1 4 0
1 3 1 3 4 1
1 10 1 0 4 0
1 3 1 7 4 0
1 0 1 6 4 1
1 3 1 7 4 0
1 1 1 1 4 2
1 3 1 7 4 0
1 1 1 5 4 1
1 3 1 7 4 0
1 2 1 0 4 2
1 3 1 7 4 0
1 2 1 4 4 1
1 3 1 7 4 0
1 3 1 3 4 1
1 3 1 7 4 0
1 4 1 2 4 1
1 3 1 7 4 0
1 5 1 1 4 1
1 3 1 7 4 0
1 6 1 0 4 1
1 4 1 2 4 1
1 0 1 2 4 2
1 4 1 2 4 1
1 0 1 6 4 1
1 4 1 2 4 1
1 0 1 10 4 0
1 4 1 2 4 1
1 1 1 1 4 2
1 4 1 2 4 1
1 1 1 5 4 1
1 4 1 2 4 1
1 1 1 9 4 0
1 4 1 2 4 1
1 2 1 0 4 2
1 4 1 2 4 1
1 2 1 4 4 1
1 4 1 2 4 1
1 2 1 8 4 0
1 4 1 2 4 1
1 3 1 3 4 1
1 4 1 2 4 1
1 3 1 7 4 0
1 4 1 2 4 1
1 4 1 2 4 1
1 4 1 2 4 1
1 4 1 6 4 0
1 4 1 2 4 1
1 5 1 1 4 1
1 4 1 2 4 1
1 6 1 4 4 0
1 4 1 2 4 1
1 7 1 3 4 0
1 4 1 2 4 1
1 8 1 2 4 0
1 4 1 2 4 1
1 9 1 1 4 0
1 4 1 2 4 1
1 10 1 0 4 0
1 4 1 6 4 0
1 0 1 2 4 2
1 4 1 6 4 0
1 0 1 6 4 1
1 4 1 6 4 0
1 1 1 1 4 2
1 4 1 6 4 0
1 2 1 0 4 2
1 4 1 6 4 0
1 2 1 4 4 1
1 4 1 6 4 0
1 3 1 3 4 1
1 4 1 6 4 0
1 4 1 2 4 1
1 4 1 6 4 0
1 5 1 1 4 1
1 4 1 6 4 0
1 6 1 0 4 1
1 5 1 1 4 1
1 0 1 2 4 2
1 5 1 1 4 1
1 0 1 10 4 0
1 5 1 1 4 1
1 1 1 1 4 2
1 5 1 1 4 1
1 1 1 5 4 1
1 5 1 1 4 1
1 2 1 0 4 2
1 5 1 1 4 1
1 2 1 4 4 1
1 5 1 1 4 1
1 2 1 8 4 0
1 5 1 1 4 1
1 3 1 3 4 1
1 5 1 1 4 1
1 3 1 7 4 0
1 5 1 1 4 1
1 4 1 2 4 1
1 5 1 1 4 1
1 4 1 6 4 0
1 5 1 1 4 1
1 5 1 1 4 1
1 5 1 1 4 1
1 5 1 5 4 0
1 5 1 1 4 1
1 6 1 0 4 1
1 5 1 1 4 1
1 6 1 4 4 0
1 5 1 1 4 1
1 7 1 3 4 0
1 5 1 1 4 1
1 9 1 1 4 0
1 5 1 1 4 1
1 10 1 0 4 0
1 5 1 5 4 0
1 0 1 2 4 2
1 5 1 5 4 0
1 0 1 6 4 1
1 5 1 5 4 0
1 1 1 1 4 2
1 5 1 5 4 0
1 1 1 5 4 1
1 5 1 5 4 0
1 2 1 0 4 2
1 5 1 5 4 0
1 2 1 4 4 1
1 5 1 5 4 0
1 5 1 1 4 1
1 6 1 0 4 1
1 0 1 2 4 2
1 6 1 0 4 1
1 1 1 1 4 2
1 6 1 0 4 1
1 1 1 5 4 1
1 6 1 0 4 1
1 2 1 4 4 1
1 6 1 0 4 1
1 2 1 8 4 0
1 6 1 0 4 1
1 3 1 3 4 1
1 6 1 0 4 1
1 3 1 7 4 0
1 6 1 0 4 1
1 4 1 6 4 0
1 6 1 0 4 1
1 5 1 1 4 1
1 6 1 0 4 1
1 6 1 4 4 0
1 6 1 0 4 1
1 7 1 3 4 0
1 6 1 0 4 1
1 8 1 2 4 0
1 6 1 0 4 1
1 9 1 1 4 0
1 6 1 4 4 0
1 0 1 2 4 2
1 6 1 4 4 0
1 0 1 6 4 1
1 6 1 4 4 0
1 1 1 1 4 2
1 6 1 4 4 0
1 1 1 5 4 1
1 6 1 4 4 0
1 2 1 0 4 2
1 6 1 4 4 0
1 2 1 4 4 1
1 6 1 4 4 0
1 3 1 3 4 1
1 6 1 4 4 0
1 4 1 2 4 1
1 6 1 4 4 0
1 5 1 1 4 1
1 6 1 4 4 0
1 6 1 0 4 1
1 7 1 3 4 0
1 0 1 2 4 2
1 7 1 3 4 0
1 0 1 6 4 1
1 7 1 3 4 0
1 1 1 1 4 2
1 7 1 3 4 0
1 1 1 5 4 1
1 7 1 3 4 0
1 2 1 0 4 2
1 7 1 3 4 0
1 3 1 3 4 1
1 7 1 3 4 0
1 4 1 2 4 1
1 7 1 3 4 0
1 5 1 1 4 1
1 7 1 3 4 0
1 6 1 0 4 1
1 8 1 2 4 0
1 0 1 2 4 2
1 8 1 2 4 0
1 0 1 6 4 1
1 8 1 2 4 0
1 1 1 1 4 2
1 8 1 2 4 0
1 2 1 0 4 2
1 8 1 2 4 0
1 2 1 4 4 1
1 8 1 2 4 0
1 3 1 3 4 1
1 8 1 2 4 0
1 4 1 2 4 1
1 8 1 2 4 0
1 6 1 0 4 1
1 9 1 1 4 0
1 0 1 2 4 2
1 9 1 1 4 0
1 0 1 6 4 1
1 9 1 1 4 0
1 1 1 1 4 2
1 9 1 1 4 0
1 2 1 0 4 2
1 9 1 1 4 0
1 2 1 4 4 1
1 9 1 1 4 0
1 3 1 3 4 1
1 9 1 1 4 0
1 4 1 2 4 1
1 9 1 1 4 0
1 5 1 1 4 1
1 9 1 1 4 0
1 6 1 0 4 1
1 10 1 0 4 0
1 1 1 1 4 2
1 10 1 0 4 0
1 1 1 5 4 1
1 10 1 0 4 0
1 2 1 4 4 1
1 10 1 0 4 0
1 3 1 3 4 1
1 10 1 0 4 0
1 4 1 2 4 1
1 10 1 0 4 0
1 5 1 1 4 1
1 0 2 2 3 2
1 1 2 3 3 1
1 0 2 2 3 2
1 2 2 1 3 2
1 0 2 2 3 2
1 2 2 4 3 0
1 0 2 2 3 2
1 4 2 0 3 2
1 0 2 2 3 2
1 4 2 3 3 0
1 0 2 2 3 2
1 6 2 2 3 0
1 0 2 2 3 2
1 8 2 1 3 0
1 0 2 5 3 0
1 1 2 3 3 1
1 0 2 5 3 0
1 2 2 1 3 2
1 0 2 5 3 0
1 3 2 2 3 1
1 0 2 5 3 0
1 5 2 1 3 1
1 1 2 0 3 3
1 0 2 2 3 2
1 1 2 0 3 3
1 1 2 3 3 1
1 1 2 0 3 3
1 2 2 1 3 2
1 1 2 0 3 3
1 2 2 4 3 0
1 1 2 0 3 3
1 3 2 2 3 1
1 1 2 0 3 3
1 4 2 3 3 0
1 1 2 0 3 3
1 5 2 1 3 1
1 1 2 0 3 3
1 6 2 2 3 0
1 1 2 3 3 1
1 0 2 2 3 2
1 1 2 3 3 1
1 0 2 5 3 0
1 1 2 3 3 1
1 1 2 0 3 3
1 1 2 3 3 1
1 1 2 3 3 1
1 1 2 3 3 1
1 2 2 1 3 2
1 1 2 3 3 1
1 4 2 0 3 2
1 1 2 3 3 1
1 4 2 3 3 0
1 1 2 3 3 1
1 5 2 1 3 1
1 1 2 3 3 1
1 6 2 2 3 0
1 1 2 3 3 1
1 7 2 0 3 1
1 2 2 1 3 2
1 0 2 2 3 2
1 2 2 1 3 2
1 0 2 5 3 0
1 2 2 1 3 2
1 1 2 0 3 3
1 2 2 1 3 2
1 2 2 1 3 2
1 2 2 1 3 2
1 2 2 4 3 0
1 2 2 1 3 2
1 3 2 2 3 1
1 2 2 1 3 2
1 4 2 0 3 2
1 2 2 1 3 2
1 4 2 3 3 0
1 2 2 1 3 2
1 5 2 1 3 1
1 2 2 1 3 2
1 6 2 2 3 0
1 2 2 1 3 2
1 7 2 0 3 1
1 2 2 1 3 2
1 8 2 1 3 0
1 2 2 4 3 0
1 0 2 2 3 2
1 2 2 4 3 0
1 1 2 0 3 3
1 2 2 4 3 0
1 7 2 0 3 1
1 3 2 2 3 1
1 0 2 2 3 2
1 3 2 2 3 1
1 0 2 5 3 0
1 3 2 2 3 1
1 1 2 0 3 3
1 3 2 2 3 1
1 2 2 1 3 2
1 3 2 2 3 1
1 3 2 2 3 1
1 3 2 2 3 1
1 4 2 3 3 0
1 3 2 2 3 1
1 5 2 1 3 1
1 3 2 2 3 1
1 6 2 2 3 0
1 3 2 2 3 1
1 8 2 1 3 0
1 3 2 2 3 1
1 10 2 0 3 0
1 4 2 0 3 2
1 0 2 2 3 2
1 4 2 0 3 2
1 1 2 3 3 1
1 4 2 0 3 2
1 2 2 1 3 2
1 4 2 0 3 2
1 2 2 4 3 0
1 4 2 0 3 2
1 3 2 2 3 1
1 4 2 0 3 2
1 4 2 3 3 0
1 4 2 0 3 2
1 5 2 1 3 1
1 4 2 0 3 2
1 6 2 2 3 0
1 4 2 0 3 2
1 8 2 1 3 0
1 4 2 3 3 0
1 0 2 2 3 2
1 4 2 3 3 0
1 1 2 3 3 1
1 4 2 3 3 0
1 3 2 2 3 1
1 4 2 3 3 0
1 4 2 0 3 2
1 4 2 3 3 0
1 5 2 1 3 1
1 4 2 3 3 0
1 7 2 0 3 1
1 5 2 1 3 1
1 0 2 2 3 2
1 5 2 1 3 1
1 0 2 5 3 0
1 5 2 1 3 1
1 1 2 0 3 3
1 5 2 1 3 1
1 1 2 3 3 1
1 5 2 1 3 1
1 2 2 1 3 2
1 5 2 1 3 1
1 3 2 2 3 1
1 5 2 1 3 1
1 4 2 0 3 2
1 5 2 1 3 1
1 4 2 3 3 0
1 5 2 1 3 1
1 5 2 1 3 1
1 5 2 1 3 1
1 6 2 2 3 0
1 5 2 1 3 1
1 7 2 0 3 1
1 5 2 1 3 1
1 8 2 1 3 0
1 6 2 2 3 0
1 0 2 2 3 2
1 6 2 2 3 0
1 1 2 0 3 3
1 6 2 2 3 0
1 1 2 3 3 1
1 6 2 2 3 0
1 2 2 1 3 2
1 6 2 2 3 0
1 3 2 2 3 1
1 6 2 2 3 0
1 4 2 0 3 2
1 6 2 2 3 0
1 5 2 1 3 1
1 6 2 2 3 0
1 7 2 0 3 1
1 7 2 0 3 1
1 0 2 2 3 2
1 7 2 0 3 1
1 1 2 3 3 1
1 7 2 0 3 1
1 2 2 1 3 2
1 7 2 0 3 1
1 2 2 4 3 0
1 7 2 0 3 1
1 3 2 2 3 1
1 7 2 0 3 1
1 4 2 3 3 0
1 7 2 0 3 1
1 5 2 1 3 1
1 7 2 0 3 1
1 6 2 2 3 0
1 7 2 0 3 1
1 8 2 1 3 0
1 8 2 1 3 0
1 0 2 2 3 2
1 8 2 1 3 0
1 2 2 1 3 2
1 8 2 1 3 0
1 3 2 2 3 1
1 8 2 1 3 0
1 4 2 0 3 2
1 8 2 1 3 0
1 5 2 1 3 1
1 10 2 0 3 0
1 2 2 1 3 2
1 10 2 0 3 0
1 3 2 2 3 1
1 10 2 0 3 0
1 5 2 1 3 1
1 0 3 0 2 5
1 1 3 1 2 3
1 0 3 0 2 5
1 3 3 1 2 2
1 0 3 0 2 5
1 5 3 1 2 1
1 0 3 2 2 2
1 1 3 1 2 3
1 0 3 2 2 2
1 1 3 3 2 0
1 0 3 2 2 2
1 2 3 2 2 1
1 0 3 2 2 2
1 4 3 2 2 0
1 0 3 2 2 2
1 5 3 1 2 1
1 0 3 2 2 2
1 6 3 0 2 2
1 0 3 2 2 2
1 7 3 1 2 0
1 1 3 1 2 3
1 0 3 0 2 5
1 1 3 1 2 3
1 0 3 2 2 2
1 1 3 1 2 3
1 1 3 1 2 3
1 1 3 1 2 3
1 1 3 3 2 0
1 1 3 1 2 3
1 2 3 0 2 4
1 1 3 1 2 3
1 2 3 2 2 1
1 1 3 1 2 3
1 3 3 1 2 2
1 1 3 1 2 3
1 4 3 0 2 3
1 1 3 1 2 3
1 4 3 2 2 0
1 1 3 1 2 3
1 6 3 0 2 2
1 1 3 1 2 3
1 7 3 1 2 0
1 1 3 1 2 3
1 8 3 0 2 1
1 1 3 1 2 3
1 10 3 0 2 0
1 1 3 3 2 0
1 0 3 2 2 2
1 1 3 3 2 0
1 2 3 0 2 4
1 1 3 3 2 0
1 2 3 2 2 1
1 1 3 3 2 0
1 3 3 1 2 2
1 1 3 3 2 0
1 4 3 0 2 3
1 1 3 3 2 0
1 6 3 0 2 2
1 1 3 3 2 0
1 8 3 0 2 1
1 2 3 0 2 4
1 1 3 1 2 3
1 2 3 0 2 4
1 1 3 3 2 0
1 2 3 0 2 4
1 2 3 2 2 1
1 2 3 0 2 4
1 3 3 1 2 2
1 2 3 0 2 4
1 5 3 1 2 1
1 2 3 2 2 1
1 0 3 0 2 5
1 2 3 2 2 1
1 0 3 2 2 2
1 2 3 2 2 1
1 1 3 1 2 3
1 2 3 2 2 1
1 1 3 3 2 0
1 2 3 2 2 1
1 2 3 0 2 4
1 2 3 2 2 1
1 2 3 2 2 1
1 2 3 2 2 1
1 3 3 1 2 2
1 2 3 2 2 1
1 4 3 0 2 3
1 2 3 2 2 1
1 4 3 2 2 0
1 2 3 2 2 1
1 5 3 1 2 1
1 2 3 2 2 1
1 6 3 0 2 2
1 2 3 2 2 1
1 7 3 1 2 0
1 2 3 2 2 1
1 8 3 0 2 1
1 2 3 2 2 1
1 10 3 0 2 0
1 3 3 1 2 2
1 0 3 0 2 5
1 3 3 1 2 2
1 0 3 2 2 2
1 3 3 1 2 2
1 1 3 1 2 3
1 3 3 1 2 2
1 1 3 3 2 0
1 3 3 1 2 2
1 2 3 0 2 4
1 3 3 1 2 2
1 2 3 2 2 1
1 3 3 1 2 2
1 4 3 0 2 3
1 3 3 1 2 2
1 4 3 2 2 0
1 3 3 1 2 2
1 5 3 1 2 1
1 3 3 1 2 2
1 6 3 0 2 2
1 3 3 1 2 2
1 7 3 1 2 0
1 3 3 1 2 2
1 8 3 0 2 1
1 3 3 1 2 2
1 10 3 0 2 0
1 4 3 0 2 3
1 1 3 1 2 3
1 4 3 0 2 3
1 1 3 3 2 0
1 4 3 0 2 3
1 2 3 2 2 1
1 4 3 0 2 3
1 3 3 1 2 2
1 4 3 0 2 3
1 4 3 2 2 0
1 4 3 0 2 3
1 5 3 1 2 1
1 4 3 0 2 3
1 7 3 1 2 0
1 4 3 2 2 0
1 0 3 2 2 2
1 4 3 2 2 0
1 1 3 1 2 3
1 4 3 2 2 0
1 2 3 0 2 4
1 4 3 2 2 0
1 2 3 2 2 1
1 4 3 2 2 0
1 3 3 1 2 2
1 4 3 2 2 0
1 4 3 0 2 3
1 4 3 2 2 0
1 5 3 1 2 1
1 4 3 2 2 0
1 6 3 0 2 2
1 4 3 2 2 0
1 8 3 0 2 1
1 5 3 1 2 1
1 0 3 0 2 5
1 5 3 1 2 1
1 0 3 2 2 2
1 5 3 1 2 1
1 1 3 1 2 3
1 5 3 1 2 1
1 1 3 3 2 0
1 5 3 1 2 1
1 2 3 0 2 4
1 5 3 1 2 1
1 2 3 2 2 1
1 5 3 1 2 1
1 3 3 1 2 2
1 5 3 1 2 1
1 4 3 0 2 3
1 5 3 1 2 1
1 5 3 1 2 1
1 5 3 1 2 1
1 6 3 0 2 2
1 5 3 1 2 1
1 7 3 1 2 0
1 5 3 1 2 1
1 10 3 0 2 0
1 6 3 0 2 2
1 0 3 2 2 2
1 6 3 0 2 2
1 1 3 1 2 3
1 6 3 0 2 2
1 1 3 3 2 0
1 6 3 0 2 2
1 2 3 2 2 1
1 6 3 0 2 2
1 3 3 1 2 2
1 6 3 0 2 2
1 4 3 2 2 0
1 6 3 0 2 2
1 5 3 1 2 1
1 7 3 1 2 0
1 0 3 2 2 2
1 7 3 1 2 0
1 1 3 1 2 3
1 7 3 1 2 0
1 2 3 2 2 1
1 7 3 1 2 0
1 3 3 1 2 2
1 7 3 1 2 0
1 4 3 0 2 3
1 7 3 1 2 0
1 5 3 1 2 1
1 7 3 1 2 0
1 8 3 0 2 1
1 8 3 0 2 1
1 1 3 1 2 3
1 8 3 0 2 1
1 1 3 3 2 0
1 8 3 0 2 1
1 2 3 2 2 1
1 8 3 0 2 1
1 3 3 1 2 2
1 8 3 0 2 1
1 4 3 2 2 0
1 8 3 0 2 1
1 7 3 1 2 0
1 10 3 0 2 0
1 1 3 1 2 3
1 10 3 0 2 0
1 2 3 2 2 1
1 10 3 0 2 0
1 3 3 1 2 2
1 10 3 0 2 0
1 5 3 1 2 1
1 0 4 0 1 10
1 1 4 1 1 5
1 0 4 0 1 10
1 1 4 2 1 1
1 0 4 0 1 10
1 3 4 1 1 3
1 0 4 0 1 10
1 4 4 1 1 2
1 0 4 0 1 10
1 5 4 1 1 1
1 0 4 1 1 6
1 1 4 0 1 9
1 0 4 1 1 6
1 1 4 1 1 5
1 0 4 1 1 6
1 1 4 2 1 1
1 0 4 1 1 6
1 2 4 0 1 8
1 0 4 1 1 6
1 2 4 1 1 4
1 0 4 1 1 6
1 2 4 2 1 0
1 0 4 1 1 6
1 3 4 0 1 7
1 0 4 1 1 6
1 3 4 1 1 3
1 0 4 1 1 6
1 4 4 0 1 6
1 0 4 1 1 6
1 4 4 1 1 2
1 0 4 1 1 6
1 5 4 0 1 5
1 0 4 1 1 6
1 5 4 1 1 1
1 0 4 1 1 6
1 6 4 0 1 4
1 0 4 1 1 6
1 6 4 1 1 0
1 0 4 1 1 6
1 7 4 0 1 3
1 0 4 1 1 6
1 8 4 0 1 2
1 0 4 1 1 6
1 9 4 0 1 1
1 0 4 2 1 2
1 1 4 0 1 9
1 0 4 2 1 2
1 1 4 1 1 5
1 0 4 2 1 2
1 1 4 2 1 1
1 0 4 2 1 2
1 2 4 0 1 8
1 0 4 2 1 2
1 2 4 1 1 4
1 0 4 2 1 2
1 2 4 2 1 0
1 0 4 2 1 2
1 3 4 0 1 7
1 0 4 2 1 2
1 4 4 0 1 6
1 0 4 2 1 2
1 4 4 1 1 2
1 0 4 2 1 2
1 5 4 0 1 5
1 0 4 2 1 2
1 5 4 1 1 1
1 0 4 2 1 2
1 6 4 0 1 4
1 0 4 2 1 2
1 6 4 1 1 0
1 0 4 2 1 2
1 7 4 0 1 3
1 0 4 2 1 2
1 8 4 0 1 2
1 0 4 2 1 2
1 9 4 0 1 1
1 1 4 0 1 9
1 0 4 1 1 6
1 1 4 0 1 9
1 0 4 2 1 2
1 1 4 0 1 9
1 1 4 2 1 1
1 1 4 0 1 9
1 2 4 1 1 4
1 1 4 0 1 9
1 2 4 2 1 0
1 1 4 0 1 9
1 3 4 1 1 3
1 1 4 0 1 9
1 4 4 1 1 2
1 1 4 0 1 9
1 5 4 1 1 1
1 1 4 0 1 9
1 6 4 1 1 0
1 1 4 1 1 5
1 0 4 0 1 10
1 1 4 1 1 5
1 0 4 2 1 2
1 1 4 1 1 5
1 1 4 1 1 5
1 1 4 1 1 5
1 1 4 2 1 1
1 1 4 1 1 5
1 2 4 0 1 8
1 1 4 1 1 5
1 2 4 1 1 4
1 1 4 1 1 5
1 2 4 2 1 0
1 1 4 1 1 5
1 3 4 0 1 7
1 1 4 1 1 5
1 3 4 1 1 3
1 1 4 1 1 5
1 4 4 1 1 2
1 1 4 1 1 5
1 5 4 0 1 5
1 1 4 1 1 5
1 5 4 1 1 1
1 1 4 1 1 5
1 6 4 1 1 0
1 1 4 1 1 5
1 7 4 0 1 3
1 1 4 1 1 5
1 8 4 0 1 2
1 1 4 1 1 5
1 9 4 0 1 1
1 1 4 2 1 1
1 0 4 0 1 10
1 1 4 2 1 1
1 0 4 1 1 6
1 1 4 2 1 1
1 0 4 2 1 2
1 1 4 2 1 1
1 1 4 0 1 9
1 1 4 2 1 1
1 1 4 1 1 5
1 1 4 2 1 1
1 1 4 2 1 1
1 1 4 2 1 1
1 2 4 0 1 8
1 1 4 2 1 1
1 2 4 1 1 4
1 1 4 2 1 1
1 2 4 2 1 0
1 1 4 2 1 1
1 3 4 0 1 7
1 1 4 2 1 1
1 3 4 1 1 3
1 1 4 2 1 1
1 4 4 0 1 6
1 1 4 2 1 1
1 4 4 1 1 2
1 1 4 2 1 1
1 5 4 0 1 5
1 1 4 2 1 1
1 5 4 1 1 1
1 1 4 2 1 1
1 6 4 0 1 4
1 1 4 2 1 1
1 6 4 1 1 0
1 1 4 2 1 1
1 7 4 0 1 3
1 1 4 2 1 1
1 8 4 0 1 2
1 1 4 2 1 1
1 9 4 0 1 1
1 1 4 2 1 1
1 10 4 0 1 0
1 2 4 0 1 8
1 0 4 1 1 6
1 2 4 0 1 8
1 0 4 2 1 2
1 2 4 0 1 8
1 1 4 1 1 5
1 2 4 0 1 8
1 1 4 2 1 1
1 2 4 0 1 8
1 2 4 1 1 4
1 2 4 0 1 8
1 2 4 2 1 0
1 2 4 0 1 8
1 3 4 1 1 3
1 2 4 0 1 8
1 4 4 1 1 2
1 2 4 0 1 8
1 5 4 1 1 1
1 2 4 0 1 8
1 6 4 1 1 0
1 2 4 1 1 4
1 0 4 1 1 6
1 2 4 1 1 4
1 0 4 2 1 2
1 2 4 1 1 4
1 1 4 0 1 9
1 2 4 1 1 4
1 1 4 1 1 5
1 2 4 1 1 4
1 1 4 2 1 1
1 2 4 1 1 4
1 2 4 1 1 4
1 2 4 1 1 4
1 2 4 2 1 0
1 2 4 1 1 4
1 3 4 1 1 3
1 2 4 1 1 4
1 4 4 0 1 6
1 2 4 1 1 4
1 4 4 1 1 2
1 2 4 1 1 4
1 5 4 0 1 5
1 2 4 1 1 4
1 5 4 1 1 1
1 2 4 1 1 4
1 6 4 0 1 4
1 2 4 1 1 4
1 6 4 1 1 0
1 2 4 1 1 4
1 7 4 0 1 3
1 2 4 1 1 4
1 8 4 0 1 2
1 2 4 1 1 4
1 9 4 0 1 1
1 2 4 1 1 4
1 10 4 0 1 0
1 2 4 2 1 0
1 0 4 1 1 6
1 2 4 2 1 0
1 0 4 2 1 2
1 2 4 2 1 0
1 1 4 0 1 9
1 2 4 2 1 0
1 1 4 1 1 5
1 2 4 2 1 0
1 1 4 2 1 1
1 2 4 2 1 0
1 2 4 0 1 8
1 2 4 2 1 0
1 2 4 1 1 4
1 2 4 2 1 0
1 3 4 0 1 7
1 2 4 2 1 0
1 4 4 0 1 6
1 2 4 2 1 0
1 4 4 1 1 2
1 2 4 2 1 0
1 5 4 0 1 5
1 2 4 2 1 0
1 5 4 1 1 1
1 2 4 2 1 0
1 6 4 0 1 4
1 2 4 2 1 0
1 7 4 0 1 3
1 2 4 2 1 0
1 8 4 0 1 2
1 2 4 2 1 0
1 9 4 0 1 1
1 3 4 0 1 7
1 0 4 1 1 6
1 3 4 0 1 7
1 0 4 2 1 2
1 3 4 0 1 7
1 1 4 1 1 5
1 3 4 0 1 7
1 1 4 2 1 1
1 3 4 0 1 7
1 2 4 2 1 0
1 3 4 0 1 7
1 3 4 1 1 3
1 3 4 0 1 7
1 4 4 1 1 2
1 3 4 0 1 7
1 5 4 1 1 1
1 3 4 1 1 3
1 0 4 0 1 10
1 3 4 1 1 3
1 0 4 1 1 6
1 3 4 1 1 3
1 0 4 2 1 2
1 3 4 1 1 3
1 1 4 0 1 9
1 3 4 1 1 3
1 1 4 1 1 5
1 3 4 1 1 3
1 1 4 2 1 1
1 3 4 1 1 3
1 2 4 0 1 8
1 3 4 1 1 3
1 2 4 1 1 4
1 3 4 1 1 3
1 2 4 2 1 0
1 3 4 1 1 3
1 3 4 0 1 7
1 3 4 1 1 3
1 3 4 1 1 3
1 3 4 1 1 3
1 4 4 0 1 6
1 3 4 1 1 3
1 4 4 1 1 2
1 3 4 1 1 3
1 5 4 0 1 5
1 3 4 1 1 3
1 5 4 1 1 1
1 3 4 1 1 3
1 6 4 0 1 4
1 3 4 1 1 3
1 7 4 0 1 3
1 3 4 1 1 3
1 8 4 0 1 2
1 3 4 1 1 3
1 9 4 0 1 1
1 3 4 1 1 3
1 10 4 0 1 0
1 4 4 0 1 6
1 0 4 1 1 6
1 4 4 0 1 6
1 0 4 2 1 2
1 4 4 0 1 6
1 1 4 1 1 5
1 4 4 0 1 6
1 1 4 2 1 1
1 4 4 0 1 6
1 2 4 1 1 4
1 4 4 0 1 6
1 2 4 2 1 0
1 4 4 0 1 6
1 3 4 1 1 3
1 4 4 0 1 6
1 5 4 1 1 1
1 4 4 1 1 2
1 0 4 0 1 10
1 4 4 1 1 2
1 0 4 1 1 6
1 4 4 1 1 2
1 0 4 2 1 2
1 4 4 1 1 2
1 1 4 0 1 9
1 4 4 1 1 2
1 1 4 1 1 5
1 4 4 1 1 2
1 2 4 0 1 8
1 4 4 1 1 2
1 2 4 1 1 4
1 4 4 1 1 2
1 2 4 2 1 0
1 4 4 1 1 2
1 3 4 0 1 7
1 4 4 1 1 2
1 3 4 1 1 3
1 4 4 1 1 2
1 4 4 1 1 2
1 4 4 1 1 2
1 5 4 0 1 5
1 4 4 1 1 2
1 6 4 0 1 4
1 4 4 1 1 2
1 6 4 1 1 0
1 4 4 1 1 2
1 7 4 0 1 3
1 4 4 1 1 2
1 9 4 0 1 1
1 4 4 1 1 2
1 10 4 0 1 0
1 5 4 0 1 5
1 0 4 1 1 6
1 5 4 0 1 5
1 0 4 2 1 2
1 5 4 0 1 5
1 1 4 1 1 5
1 5 4 0 1 5
1 1 4 2 1 1
1 5 4 0 1 5
1 2 4 1 1 4
1 5 4 0 1 5
1 2 4 2 1 0
1 5 4 0 1 5
1 3 4 1 1 3
1 5 4 0 1 5
1 4 4 1 1 2
1 5 4 0 1 5
1 5 4 1 1 1
1 5 4 0 1 5
1 6 4 1 1 0
1 5 4 1 1 1
1 0 4 0 1 10
1 5 4 1 1 1
1 0 4 2 1 2
1 5 4 1 1 1
1 1 4 0 1 9
1 5 4 1 1 1
1 1 4 1 1 5
1 5 4 1 1 1
1 1 4 2 1 1
1 5 4 1 1 1
1 2 4 0 1 8
1 5 4 1 1 1
1 2 4 1 1 4
1 5 4 1 1 1
1 2 4 2 1 0
1 5 4 1 1 1
1 3 4 0 1 7
1 5 4 1 1 1
1 4 4 0 1 6
1 5 4 1 1 1
1 4 4 1 1 2
1 5 4 1 1 1
1 5 4 0 1 5
1 5 4 1 1 1
1 5 4 1 1 1
1 5 4 1 1 1
1 6 4 1 1 0
1 5 4 1 1 1
1 7 4 0 1 3
1 5 4 1 1 1
1 8 4 0 1 2
1 5 4 1 1 1
1 9 4 0 1 1
1 5 4 1 1 1
1 10 4 0 1 0
1 6 4 0 1 4
1 0 4 1 1 6
1 6 4 0 1 4
1 1 4 2 1 1
1 6 4 0 1 4
1 2 4 1 1 4
1 6 4 0 1 4
1 2 4 2 1 0
1 6 4 0 1 4
1 3 4 1 1 3
1 6 4 0 1 4
1 4 4 1 1 2
1 6 4 0 1 4
1 6 4 1 1 0
1 6 4 1 1 0
1 0 4 1 1 6
1 6 4 1 1 0
1 1 4 0 1 9
1 6 4 1 1 0
1 1 4 1 1 5
1 6 4 1 1 0
1 1 4 2 1 1
1 6 4 1 1 0
1 2 4 0 1 8
1 6 4 1 1 0
1 4 4 0 1 6
1 6 4 1 1 0
1 4 4 1 1 2
1 6 4 1 1 0
1 5 4 0 1 5
1 6 4 1 1 0
1 5 4 1 1 1
1 6 4 1 1 0
1 6 4 0 1 4
1 6 4 1 1 0
1 7 4 0 1 3
1 6 4 1 1 0
1 8 4 0 1 2
1 7 4 0 1 3
1 0 4 1 1 6
1 7 4 0 1 3
1 0 4 2 1 2
1 7 4 0 1 3
1 1 4 1 1 5
1 7 4 0 1 3
1 1 4 2 1 1
1 7 4 0 1 3
1 2 4 1 1 4
1 7 4 0 1 3
1 2 4 2 1 0
1 7 4 0 1 3
1 3 4 1 1 3
1 7 4 0 1 3
1 4 4 1 1 2
1 7 4 0 1 3
1 5 4 1 1 1
1 7 4 0 1 3
1 6 4 1 1 0
1 8 4 0 1 2
1 0 4 1 1 6
1 8 4 0 1 2
1 0 4 2 1 2
1 8 4 0 1 2
1 1 4 2 1 1
1 8 4 0 1 2
1 2 4 1 1 4
1 8 4 0 1 2
1 2 4 2 1 0
1 8 4 0 1 2
1 3 4 1 1 3
1 8 4 0 1 2
1 5 4 1 1 1
1 8 4 0 1 2
1 6 4 1 1 0
1 9 4 0 1 1
1 0 4 1 1 6
1 9 4 0 1 1
1 1 4 1 1 5
1 9 4 0 1 1
1 1 4 2 1 1
1 9 4 0 1 1
1 2 4 1 1 4
1 9 4 0 1 1
1 2 4 2 1 0
1 9 4 0 1 1
1 3 4 1 1 3
1 9 4 0 1 1
1 4 4 1 1 2
1 9 4 0 1 1
1 5 4 1 1 1
1 10 4 0 1 0
1 2 4 1 1 4
1 10 4 0 1 0
1 3 4 1 1 3
1 10 4 0 1 0
1 4 4 1 1 2
1 10 4 0 1 0
1 5 4 1 1 1
2 0 1 1 3 3
2 1 1 2 3 2
2 0 1 1 3 3
2 1 1 5 3 1
2 0 1 1 3 3
2 1 1 8 3 0
2 0 1 1 3 3
2 2 1 0 3 2
2 0 1 1 3 3
2 2 1 6 3 0
2 0 1 1 3 3
2 3 1 1 3 1
2 0 1 1 3 3
2 3 1 4 3 0
2 0 1 1 3 3
2 4 1 2 3 0
2 0 1 4 3 2
2 1 1 2 3 2
2 0 1 4 3 2
2 1 1 5 3 1
2 0 1 4 3 2
2 2 1 0 3 2
2 0 1 4 3 2
2 2 1 3 3 1
2 0 1 4 3 2
2 2 1 6 3 0
2 0 1 4 3 2
2 3 1 1 3 1
2 0 1 4 3 2
2 3 1 4 3 0
2 0 1 4 3 2
2 4 1 2 3 0
2 0 1 7 3 1
2 1 1 5 3 1
2 0 1 7 3 1
2 1 1 8 3 0
2 0 1 7 3 1
2 2 1 0 3 2
2 0 1 7 3 1
2 2 1 3 3 1
2 0 1 7 3 1
2 2 1 6 3 0
2 0 1 7 3 1
2 3 1 4 3 0
2 0 1 10 3 0
2 1 1 2 3 2
2 0 1 10 3 0
2 1 1 5 3 1
2 0 1 10 3 0
2 3 1 1 3 1
2 1 1 2 3 2
2 0 1 1 3 3
2 1 1 2 3 2
2 0 1 4 3 2
2 1 1 2 3 2
2 0 1 10 3 0
2 1 1 2 3 2
2 1 1 2 3 2
2 1 1 2 3 2
2 1 1 5 3 1
2 1 1 2 3 2
2 1 1 8 3 0
2 1 1 2 3 2
2 2 1 0 3 2
2 1 1 2 3 2
2 2 1 3 3 1
2 1 1 2 3 2
2 2 1 6 3 0
2 1 1 2 3 2
2 3 1 4 3 0
2 1 1 2 3 2
2 4 1 2 3 0
2 1 1 2 3 2
2 5 1 0 3 0
2 1 1 5 3 1
2 0 1 1 3 3
2 1 1 5 3 1
2 0 1 4 3 2
2 1 1 5 3 1
2 0 1 7 3 1
2 1 1 5 3 1
2 0 1 10 3 0
2 1 1 5 3 1
2 1 1 2 3 2
2 1 1 5 3 1
2 1 1 5 3 1
2 1 1 5 3 1
2 2 1 0 3 2
2 1 1 5 3 1
2 2 1 3 3 1
2 1 1 5 3 1
2 2 1 6 3 0
2 1 1 5 3 1
2 3 1 1 3 1
2 1 1 5 3 1
2 3 1 4 3 0
2 1 1 5 3 1
2 4 1 2 3 0
2 1 1 5 3 1
2 5 1 0 3 0
2 1 1 8 3 0
2 0 1 1 3 3
2 1 1 8 3 0
2 0 1 7 3 1
2 1 1 8 3 0
2 1 1 2 3 2
2 1 1 8 3 0
2 2 1 0 3 2
2 1 1 8 3 0
2 2 1 3 3 1
2 1 1 8 3 0
2 3 1 1 3 1
2 2 1 0 3 2
2 0 1 1 3 3
2 2 1 0 3 2
2 0 1 4 3 2
2 2 1 0 3 2
2 0 1 7 3 1
2 2 1 0 3 2
2 1 1 2 3 2
2 2 1 0 3 2
2 1 1 5 3 1
2 2 1 0 3 2
2 1 1 8 3 0
2 2 1 0 3 2
2 2 1 3 3 1
2 2 1 0 3 2
2 2 1 6 3 0
2 2 1 0 3 2
2 3 1 1 3 1
2 2 1 0 3 2
2 3 1 4 3 0
2 2 1 0 3 2
2 4 1 2 3 0
2 2 1 3 3 1
2 0 1 1 3 3
2 2 1 3 3 1
2 0 1 4 3 2
2 2 1 3 3 1
2 0 1 7 3 1
2 2 1 3 3 1
2 1 1 2 3 2
2 2 1 3 3 1
2 1 1 8 3 0
2 2 1 3 3 1
2 2 1 0 3 2
2 2 1 3 3 1
2 2 1 3 3 1
2 2 1 3 3 1
2 2 1 6 3 0
2 2 1 3 3 1
2 3 1 4 3 0
2 2 1 3 3 1
2 4 1 2 3 0
2 2 1 3 3 1
2 5 1 0 3 0
2 2 1 6 3 0
2 0 1 1 3 3
2 2 1 6 3 0
2 0 1 4 3 2
2 2 1 6 3 0
2 0 1 7 3 1
2 2 1 6 3 0
2 1 1 5 3 1
2 2 1 6 3 0
2 2 1 0 3 2
2 2 1 6 3 0
2 2 1 3 3 1
2 2 1 6 3 0
2 3 1 1 3 1
2 3 1 1 3 1
2 0 1 1 3 3
2 3 1 1 3 1
2 0 1 4 3 2
2 3 1 1 3 1
2 0 1 10 3 0
2 3 1 1 3 1
2 1 1 2 3 2
2 3 1 1 3 1
2 1 1 5 3 1
2 3 1 1 3 1
2 1 1 8 3 0
2 3 1 1 3 1
2 2 1 0 3 2
2 3 1 1 3 1
2 2 1 6 3 0
2 3 1 1 3 1
2 3 1 1 3 1
2 3 1 1 3 1
2 3 1 4 3 0
2 3 1 1 3 1
2 4 1 2 3 0
2 3 1 1 3 1
2 5 1 0 3 0
2 3 1 4 3 0
2 0 1 1 3 3
2 3 1 4 3 0
2 0 1 4 3 2
2 3 1 4 3 0
2 0 1 7 3 1
2 3 1 4 3 0
2 1 1 2 3 2
2 3 1 4 3 0
2 1 1 5 3 1
2 3 1 4 3 0
2 2 1 0 3 2
2 3 1 4 3 0
2 2 1 3 3 1
2 3 1 4 3 0
2 3 1 1 3 1
2 4 1 2 3 0
2 0 1 1 3 3
2 4 1 2 3 0
2 0 1 4 3 2
2 4 1 2 3 0
2 1 1 2 3 2
2 4 1 2 3 0
2 1 1 5 3 1
2 4 1 2 3 0
2 2 1 0 3 2
2 4 1 2 3 0
2 2 1 3 3 1
2 4 1 2 3 0
2 3 1 1 3 1
2 5 1 0 3 0
2 1 1 2 3 2
2 5 1 0 3 0
2 1 1 5 3 1
2 5 1 0 3 0
2 3 1 1 3 1
2 0 2 0 2 5
2 1 2 1 2 3
2 0 2 0 2 5
2 1 2 2 2 2
2 0 2 0 2 5
2 1 2 3 2 1
2 0 2 0 2 5
2 2 2 1 2 2
2 0 2 0 2 5
2 3 2 1 2 1
2 0 2 1 2 4
2 1 2 0 2 4
2 0 2 1 2 4
2 1 2 1 2 3
2 0 2 1 2 4
2 1 2 2 2 2
2 0 2 1 2 4
2 1 2 3 2 1
2 0 2 1 2 4
2 1 2 4 2 0
2 0 2 1 2 4
2 2 2 0 2 3
2 0 2 1 2 4
2 2 2 1 2 2
2 0 2 1 2 4
2 2 2 2 2 1
2 0 2 1 2 4
2 2 2 3 2 0
2 0 2 1 2 4
2 3 2 0 2 2
2 0 2 1 2 4
2 3 2 1 2 1
2 0 2 1 2 4
2 3 2 2 2 0
2 0 2 1 2 4
2 4 2 0 2 1
2 0 2 1 2 4
2 4 2 1 2 0
2 0 2 2 2 3
2 1 2 0 2 4
2 0 2 2 2 3
2 1 2 1 2 3
2 0 2 2 2 3
2 1 2 3 2 1
2 0 2 2 2 3
2 2 2 0 2 3
2 0 2 2 2 3
2 2 2 1 2 2
2 0 2 2 2 3
2 2 2 2 2 1
2 0 2 2 2 3
2 2 2 3 2 0
2 0 2 2 2 3
2 3 2 0 2 2
2 0 2 2 2 3
2 3 2 1 2 1
2 0 2 2 2 3
2 3 2 2 2 0
2 0 2 2 2 3
2 4 2 0 2 1
2 0 2 3 2 2
2 1 2 1 2 3
2 0 2 3 2 2
2 1 2 2 2 2
2 0 2 3 2 2
2 1 2 3 2 1
2 0 2 3 2 2
2 1 2 4 2 0
2 0 2 3 2 2
2 2 2 0 2 3
2 0 2 3 2 2
2 2 2 2 2 1
2 0 2 3 2 2
2 2 2 3 2 0
2 0 2 3 2 2
2 3 2 0 2 2
2 0 2 3 2 2
2 3 2 1 2 1
2 0 2 3 2 2
2 3 2 2 2 0
2 0 2 3 2 2
2 4 2 0 2 1
2 0 2 3 2 2
2 4 2 1 2 0
2 0 2 4 2 1
2 1 2 1 2 3
2 0 2 4 2 1
2 1 2 2 2 2
2 0 2 4 2 1
2 1 2 4 2 0
2 0 2 4 2 1
2 2 2 0 2 3
2 0 2 4 2 1
2 2 2 2 2 1
2 0 2 4 2 1
2 2 2 3 2 0
2 0 2 4 2 1
2 3 2 0 2 2
2 0 2 4 2 1
2 3 2 1 2 1
2 0 2 4 2 1
2 3 2 2 2 0
2 0 2 4 2 1
2 4 2 1 2 0
2 0 2 5 2 0
2 1 2 1 2 3
2 0 2 5 2 0
2 1 2 3 2 1
2 0 2 5 2 0
2 2 2 1 2 2
2 0 2 5 2 0
2 2 2 2 2 1
2 0 2 5 2 0
2 3 2 1 2 1
2 1 2 0 2 4
2 0 2 1 2 4
2 1 2 0 2 4
2 0 2 2 2 3
2 1 2 0 2 4
2 1 2 1 2 3
2 1 2 0 2 4
2 1 2 2 2 2
2 1 2 0 2 4
2 1 2 3 2 1
2 1 2 0 2 4
2 2 2 1 2 2
2 1 2 0 2 4
2 2 2 3 2 0
2 1 2 0 2 4
2 3 2 1 2 1
2 1 2 0 2 4
2 3 2 2 2 0
2 1 2 1 2 3
2 0 2 0 2 5
2 1 2 1 2 3
2 0 2 1 2 4
2 1 2 1 2 3
2 0 2 2 2 3
2 1 2 1 2 3
2 0 2 3 2 2
2 1 2 1 2 3
2 0 2 4 2 1
2 1 2 1 2 3
2 0 2 5 2 0
2 1 2 1 2 3
2 1 2 0 2 4
2 1 2 1 2 3
2 1 2 1 2 3
2 1 2 1 2 3
2 1 2 2 2 2
2 1 2 1 2 3
2 1 2 3 2 1
2 1 2 1 2 3
2 1 2 4 2 0
2 1 2 1 2 3
2 2 2 0 2 3
2 1 2 1 2 3
2 2 2 2 2 1
2 1 2 1 2 3
2 2 2 3 2 0
2 1 2 1 2 3
2 3 2 0 2 2
2 1 2 1 2 3
2 3 2 1 2 1
2 1 2 1 2 3
2 3 2 2 2 0
2 1 2 1 2 3
2 4 2 0 2 1
2 1 2 1 2 3
2 4 2 1 2 0
2 1 2 1 2 3
2 5 2 0 2 0
2 1 2 2 2 2
2 0 2 0 2 5
2 1 2 2 2 2
2 0 2 1 2 4
2 1 2 2 2 2
2 0 2 3 2 2
2 1 2 2 2 2
2 0 2 4 2 1
2 1 2 2 2 2
2 0 2 5 2 0
2 1 2 2 2 2
2 1 2 0 2 4
2 1 2 2 2 2
2 1 2 1 2 3
2 1 2 2 2 2
2 1 2 2 2 2
2 1 2 2 2 2
2 1 2 3 2 1
2 1 2 2 2 2
2 1 2 4 2 0
2 1 2 2 2 2
2 2 2 0 2 3
2 1 2 2 2 2
2 2 2 1 2 2
2 1 2 2 2 2
2 2 2 3 2 0
2 1 2 2 2 2
2 3 2 0 2 2
2 1 2 2 2 2
2 3 2 1 2 1
2 1 2 2 2 2
2 3 2 2 2 0
2 1 2 2 2 2
2 4 2 0 2 1
2 1 2 2 2 2
2 4 2 1 2 0
2 1 2 2 2 2
2 5 2 0 2 0
2 1 2 3 2 1
2 0 2 0 2 5
2 1 2 3 2 1
2 0 2 1 2 4
2 1 2 3 2 1
2 0 2 2 2 3
2 1 2 3 2 1
2 0 2 3 2 2
2 1 2 3 2 1
2 0 2 5 2 0
2 1 2 3 2 1
2 1 2 0 2 4
2 1 2 3 2 1
2 1 2 1 2 3
2 1 2 3 2 1
2 1 2 2 2 2
2 1 2 3 2 1
2 1 2 4 2 0
2 1 2 3 2 1
2 2 2 0 2 3
2 1 2 3 2 1
2 2 2 1 2 2
2 1 2 3 2 1
2 2 2 2 2 1
2 1 2 3 2 1
2 2 2 3 2 0
2 1 2 3 2 1
2 3 2 0 2 2
2 1 2 3 2 1
2 3 2 1 2 1
2 1 2 3 2 1
2 3 2 2 2 0
2 1 2 3 2 1
2 4 2 0 2 1
2 1 2 3 2 1
2 4 2 1 2 0
2 1 2 3 2 1
2 5 2 0 2 0
2 1 2 4 2 0
2 0 2 1 2 4
2 1 2 4 2 0
2 0 2 4 2 1
2 1 2 4 2 0
2 1 2 1 2 3
2 1 2 4 2 0
2 1 2 2 2 2
2 1 2 4 2 0
2 1 2 3 2 1
2 1 2 4 2 0
2 2 2 0 2 3
2 1 2 4 2 0
2 2 2 1 2 2
2 1 2 4 2 0
2 2 2 2 2 1
2 1 2 4 2 0
2 3 2 0 2 2
2 1 2 4 2 0
2 3 2 1 2 1
2 1 2 4 2 0
2 4 2 0 2 1
2 2 2 0 2 3
2 0 2 1 2 4
2 2 2 0 2 3
2 0 2 2 2 3
2 2 2 0 2 3
2 0 2 3 2 2
2 2 2 0 2 3
2 1 2 1 2 3
2 2 2 0 2 3
2 1 2 2 2 2
2 2 2 0 2 3
2 1 2 3 2 1
2 2 2 0 2 3
2 1 2 4 2 0
2 2 2 0 2 3
2 2 2 1 2 2
2 2 2 0 2 3
2 2 2 2 2 1
2 2 2 0 2 3
2 2 2 3 2 0
2 2 2 0 2 3
2 3 2 1 2 1
2 2 2 0 2 3
2 3 2 2 2 0
2 2 2 0 2 3
2 4 2 1 2 0
2 2 2 1 2 2
2 0 2 0 2 5
2 2 2 1 2 2
2 0 2 1 2 4
2 2 2 1 2 2
2 0 2 2 2 3
2 2 2 1 2 2
2 0 2 5 2 0
2 2 2 1 2 2
2 1 2 0 2 4
2 2 2 1 2 2
2 1 2 2 2 2
2 2 2 1 2 2
2 1 2 3 2 1
2 2 2 1 2 2
2 1 2 4 2 0
2 2 2 1 2 2
2 2 2 1 2 2
2 2 2 1 2 2
2 2 2 2 2 1
2 2 2 1 2 2
2 2 2 3 2 0
2 2 2 1 2 2
2 3 2 0 2 2
2 2 2 1 2 2
2 3 2 1 2 1
2 2 2 1 2 2
2 4 2 0 2 1
2 2 2 1 2 2
2 4 2 1 2 0
2 2 2 1 2 2
2 5 2 0 2 0
2 2 2 2 2 1
2 0 2 1 2 4
2 2 2 2 2 1
2 0 2 3 2 2
2 2 2 2 2 1
2 0 2 5 2 0
2 2 2 2 2 1
2 1 2 1 2 3
2 2 2 2 2 1
2 1 2 2 2 2
2 2 2 2 2 1
2 1 2 3 2 1
2 2 2 2 2 1
2 1 2 4 2 0
2 2 2 2 2 1
2 2 2 0 2 3
2 2 2 2 2 1
2 2 2 1 2 2
2 2 2 2 2 1
2 2 2 2 2 1
2 2 2 2 2 1
2 2 2 3 2 0
2 2 2 2 2 1
2 3 2 0 2 2
2 2 2 2 2 1
2 3 2 1 2 1
2 2 2 2 2 1
2 3 2 2 2 0
2 2 2 2 2 1
2 4 2 0 2 1
2 2 2 2 2 1
2 4 2 1 2 0
2 2 2 3 2 0
2 0 2 1 2 4
2 2 2 3 2 0
2 0 2 2 2 3
2 2 2 3 2 0
2 0 2 3 2 2
2 2 2 3 2 0
2 0 2 4 2 1
2 2 2 3 2 0
2 1 2 0 2 4
2 2 2 3 2 0
2 1 2 1 2 3
2 2 2 3 2 0
2 1 2 2 2 2
2 2 2 3 2 0
2 1 2 3 2 1
2 2 2 3 2 0
2 2 2 1 2 2
2 2 2 3 2 0
2 2 2 2 2 1
2 2 2 3 2 0
2 3 2 0 2 2
2 2 2 3 2 0
2 3 2 1 2 1
2 2 2 3 2 0
2 4 2 0 2 1
2 3 2 0 2 2
2 0 2 1 2 4
2 3 2 0 2 2
2 0 2 2 2 3
2 3 2 0 2 2
2 0 2 3 2 2
2 3 2 0 2 2
2 0 2 4 2 1
2 3 2 0 2 2
2 1 2 1 2 3
2 3 2 0 2 2
2 1 2 2 2 2
2 3 2 0 2 2
2 1 2 3 2 1
2 3 2 0 2 2
2 1 2 4 2 0
2 3 2 0 2 2
2 2 2 1 2 2
2 3 2 0 2 2
2 2 2 2 2 1
2 3 2 0 2 2
2 2 2 3 2 0
2 3 2 0 2 2
2 3 2 1 2 1
2 3 2 0 2 2
2 3 2 2 2 0
2 3 2 0 2 2
2 4 2 1 2 0
2 3 2 1 2 1
2 0 2 0 2 5
2 3 2 1 2 1
2 0 2 1 2 4
2 3 2 1 2 1
2 0 2 2 2 3
2 3 2 1 2 1
2 0 2 3 2 2
2 3 2 1 2 1
2 0 2 4 2 1
2 3 2 1 2 1
2 0 2 5 2 0
2 3 2 1 2 1
2 1 2 0 2 4
2 3 2 1 2 1
2 1 2 1 2 3
2 3 2 1 2 1
2 1 2 3 2 1
2 3 2 1 2 1
2 1 2 4 2 0
2 3 2 1 2 1
2 2 2 0 2 3
2 3 2 1 2 1
2 2 2 1 2 2
2 3 2 1 2 1
2 2 2 2 2 1
2 3 2 1 2 1
2 2 2 3 2 0
2 3 2 1 2 1
2 3 2 0 2 2
2 3 2 1 2 1
2 3 2 1 2 1
2 3 2 1 2 1
2 3 2 2 2 0
2 3 2 1 2 1
2 4 2 1 2 0
2 3 2 2 2 0
2 0 2 1 2 4
2 3 2 2 2 0
2 0 2 2 2 3
2 3 2 2 2 0
2 0 2 3 2 2
2 3 2 2 2 0
2 0 2 4 2 1
2 3 2 2 2 0
2 1 2 0 2 4
2 3 2 2 2 0
2 1 2 1 2 3
2 3 2 2 2 0
2 1 2 2 2 2
2 3 2 2 2 0
2 1 2 3 2 1
2 3 2 2 2 0
2 2 2 0 2 3
2 3 2 2 2 0
2 2 2 2 2 1
2 3 2 2 2 0
2 3 2 0 2 2
2 3 2 2 2 0
2 3 2 1 2 1
2 3 2 2 2 0
2 4 2 0 2 1
2 4 2 0 2 1
2 0 2 1 2 4
2 4 2 0 2 1
2 0 2 2 2 3
2 4 2 0 2 1
2 0 2 3 2 2
2 4 2 0 2 1
2 1 2 1 2 3
2 4 2 0 2 1
2 1 2 2 2 2
2 4 2 0 2 1
2 1 2 3 2 1
2 4 2 0 2 1
2 1 2 4 2 0
2 4 2 0 2 1
2 2 2 1 2 2
2 4 2 0 2 1
2 2 2 2 2 1
2 4 2 0 2 1
2 2 2 3 2 0
2 4 2 0 2 1
2 3 2 2 2 0
2 4 2 0 2 1
2 4 2 1 2 0
2 4 2 1 2 0
2 0 2 1 2 4
2 4 2 1 2 0
2 0 2 3 2 2
2 4 2 1 2 0
2 0 2 4 2 1
2 4 2 1 2 0
2 1 2 1 2 3
2 4 2 1 2 0
2 1 2 2 2 2
2 4 2 1 2 0
2 1 2 3 2 1
2 4 2 1 2 0
2 2 2 0 2 3
2 4 2 1 2 0
2 2 2 1 2 2
2 4 2 1 2 0
2 2 2 2 2 1
2 4 2 1 2 0
2 3 2 0 2 2
2 4 2 1 2 0
2 3 2 1 2 1
2 4 2 1 2 0
2 4 2 0 2 1
2 5 2 0 2 0
2 1 2 1 2 3
2 5 2 0 2 0
2 1 2 2 2 2
2 5 2 0 2 0
2 1 2 3 2 1
2 5 2 0 2 0
2 2 2 1 2 2
2 5 2 0 2 0
2 2 2 2 2 1
2 0 3 0 1 10
2 1 3 1 1 5
2 0 3 0 1 10
2 1 3 2 1 2
2 0 3 0 1 10
2 2 3 1 1 3
2 0 3 0 1 10
2 3 3 1 1 1
2 0 3 1 1 7
2 1 3 0 1 8
2 0 3 1 1 7
2 1 3 1 1 5
2 0 3 1 1 7
2 1 3 2 1 2
2 0 3 1 1 7
2 2 3 0 1 6
2 0 3 1 1 7
2 2 3 1 1 3
2 0 3 1 1 7
2 3 3 0 1 4
2 0 3 1 1 7
2 3 3 1 1 1
2 0 3 1 1 7
2 4 3 0 1 2
2 0 3 2 1 4
2 1 3 0 1 8
2 0 3 2 1 4
2 1 3 1 1 5
2 0 3 2 1 4
2 1 3 2 1 2
2 0 3 2 1 4
2 2 3 0 1 6
2 0 3 2 1 4
2 2 3 1 1 3
2 0 3 2 1 4
2 2 3 2 1 0
2 0 3 2 1 4
2 3 3 0 1 4
2 0 3 2 1 4
2 4 3 0 1 2
2 0 3 3 1 1
2 1 3 0 1 8
2 0 3 3 1 1
2 1 3 1 1 5
2 0 3 3 1 1
2 1 3 2 1 2
2 0 3 3 1 1
2 2 3 0 1 6
2 0 3 3 1 1
2 2 3 1 1 3
2 0 3 3 1 1
2 2 3 2 1 0
2 0 3 3 1 1
2 3 3 0 1 4
2 0 3 3 1 1
2 3 3 1 1 1
2 0 3 3 1 1
2 4 3 0 1 2
2 1 3 0 1 8
2 0 3 1 1 7
2 1 3 0 1 8
2 0 3 2 1 4
2 1 3 0 1 8
2 0 3 3 1 1
2 1 3 0 1 8
2 1 3 1 1 5
2 1 3 0 1 8
2 2 3 1 1 3
2 1 3 0 1 8
2 2 3 2 1 0
2 1 3 0 1 8
2 3 3 1 1 1
2 1 3 1 1 5
2 0 3 0 1 10
2 1 3 1 1 5
2 0 3 1 1 7
2 1 3 1 1 5
2 0 3 2 1 4
2 1 3 1 1 5
2 0 3 3 1 1
2 1 3 1 1 5
2 1 3 0 1 8
2 1 3 1 1 5
2 1 3 1 1 5
2 1 3 1 1 5
2 1 3 2 1 2
2 1 3 1 1 5
2 2 3 0 1 6
2 1 3 1 1 5
2 2 3 1 1 3
2 1 3 1 1 5
2 2 3 2 1 0
2 1 3 1 1 5
2 3 3 0 1 4
2 1 3 1 1 5
2 3 3 1 1 1
2 1 3 1 1 5
2 4 3 0 1 2
2 1 3 1 1 5
2 5 3 0 1 0
2 1 3 2 1 2
2 0 3 1 1 7
2 1 3 2 1 2
2 0 3 3 1 1
2 1 3 2 1 2
2 1 3 1 1 5
2 1 3 2 1 2
2 1 3 2 1 2
2 1 3 2 1 2
2 2 3 0 1 6
2 1 3 2 1 2
2 2 3 1 1 3
2 1 3 2 1 2
2 3 3 0 1 4
2 1 3 2 1 2
2 3 3 1 1 1
2 2 3 0 1 6
2 0 3 1 1 7
2 2 3 0 1 6
2 0 3 2 1 4
2 2 3 0 1 6
2 0 3 3 1 1
2 2 3 0 1 6
2 1 3 1 1 5
2 2 3 0 1 6
2 1 3 2 1 2
2 2 3 0 1 6
2 2 3 1 1 3
2 2 3 0 1 6
2 3 3 1 1 1
2 2 3 1 1 3
2 0 3 0 1 10
2 2 3 1 1 3
2 0 3 1 1 7
2 2 3 1 1 3
2 0 3 2 1 4
2 2 3 1 1 3
2 0 3 3 1 1
2 2 3 1 1 3
2 1 3 0 1 8
2 2 3 1 1 3
2 1 3 1 1 5
2 2 3 1 1 3
2 1 3 2 1 2
2 2 3 1 1 3
2 2 3 0 1 6
2 2 3 1 1 3
2 2 3 1 1 3
2 2 3 1 1 3
2 2 3 2 1 0
2 2 3 1 1 3
2 3 3 1 1 1
2 2 3 1 1 3
2 4 3 0 1 2
2 2 3 1 1 3
2 5 3 0 1 0
2 2 3 2 1 0
2 0 3 2 1 4
2 2 3 2 1 0
2 0 3 3 1 1
2 2 3 2 1 0
2 1 3 0 1 8
2 2 3 2 1 0
2 1 3 1 1 5
2 2 3 2 1 0
2 3 3 1 1 1
2 2 3 2 1 0
2 4 3 0 1 2
2 3 3 0 1 4
2 0 3 1 1 7
2 3 3 0 1 4
2 0 3 2 1 4
2 3 3 0 1 4
2 0 3 3 1 1
2 3 3 0 1 4
2 1 3 1 1 5
2 3 3 0 1 4
2 1 3 2 1 2
2 3 3 0 1 4
2 3 3 1 1 1
2 3 3 1 1 1
2 0 3 0 1 10
2 3 3 1 1 1
2 0 3 1 1 7
2 3 3 1 1 1
2 0 3 2 1 4
2 3 3 1 1 1
2 0 3 3 1 1
2 3 3 1 1 1
2 1 3 0 1 8
2 3 3 1 1 1
2 1 3 1 1 5
2 3 3 1 1 1
2 1 3 2 1 2
2 3 3 1 1 1
2 2 3 0 1 6
2 3 3 1 1 1
2 2 3 1 1 3
2 3 3 1 1 1
2 2 3 2 1 0
2 3 3 1 1 1
2 3 3 0 1 4
2 3 3 1 1 1
2 4 3 0 1 2
2 3 3 1 1 1
2 5 3 0 1 0
2 4 3 0 1 2
2 0 3 1 1 7
2 4 3 0 1 2
2 0 3 2 1 4
2 4 3 0 1 2
2 0 3 3 1 1
2 4 3 0 1 2
2 1 3 1 1 5
2 4 3 0 1 2
2 2 3 1 1 3
2 4 3 0 1 2
2 2 3 2 1 0
2 4 3 0 1 2
2 3 3 1 1 1
2 5 3 0 1 0
2 1 3 1 1 5
2 5 3 0 1 0
2 2 3 1 1 3
2 5 3 0 1 0
2 3 3 1 1 1
3 0 1 0 2 5
3 1 1 1 2 3
3 0 1 0 2 5
3 1 1 5 2 1
3 0 1 0 2 5
3 2 1 2 2 1
3 0 1 2 2 4
3 1 1 5 2 1
3 0 1 2 2 4
3 1 1 7 2 0
3 0 1 2 2 4
3 2 1 0 2 2
3 0 1 2 2 4
3 2 1 2 2 1
3 0 1 2 2 4
3 2 1 4 2 0
3 0 1 2 2 4
3 3 1 1 2 0
3 0 1 4 2 3
3 1 1 1 2 3
3 0 1 4 2 3
3 1 1 3 2 2
3 0 1 4 2 3
3 1 1 5 2 1
3 0 1 4 2 3
3 1 1 7 2 0
3 0 1 4 2 3
3 2 1 0 2 2
3 0 1 4 2 3
3 2 1 2 2 1
3 0 1 4 2 3
3 3 1 1 2 0
3 0 1 6 2 2
3 1 1 1 2 3
3 0 1 6 2 2
3 1 1 3 2 2
3 0 1 6 2 2
3 1 1 5 2 1
3 0 1 6 2 2
3 1 1 7 2 0
3 0 1 6 2 2
3 2 1 0 2 2
3 0 1 6 2 2
3 2 1 2 2 1
3 0 1 6 2 2
3 3 1 1 2 0
3 0 1 8 2 1
3 1 1 1 2 3
3 0 1 8 2 1
3 1 1 3 2 2
3 0 1 8 2 1
3 1 1 5 2 1
3 0 1 8 2 1
3 1 1 7 2 0
3 0 1 8 2 1
3 2 1 0 2 2
3 0 1 8 2 1
3 2 1 4 2 0
3 0 1 8 2 1
3 3 1 1 2 0
3 0 1 10 2 0
3 1 1 1 2 3
3 0 1 10 2 0
3 1 1 3 2 2
3 0 1 10 2 0
3 1 1 5 2 1
3 0 1 10 2 0
3 2 1 2 2 1
3 1 1 1 2 3
3 0 1 0 2 5
3 1 1 1 2 3
3 0 1 4 2 3
3 1 1 1 2 3
3 0 1 6 2 2
3 1 1 1 2 3
3 0 1 8 2 1
3 1 1 1 2 3
3 1 1 3 2 2
3 1 1 1 2 3
3 1 1 5 2 1
3 1 1 1 2 3
3 1 1 7 2 0
3 1 1 1 2 3
3 2 1 0 2 2
3 1 1 1 2 3
3 2 1 2 2 1
3 1 1 1 2 3
3 2 1 4 2 0
3 1 1 1 2 3
3 3 1 1 2 0
3 1 1 3 2 2
3 0 1 4 2 3
3 1 1 3 2 2
3 0 1 6 2 2
3 1 1 3 2 2
3 0 1 8 2 1
3 1 1 3 2 2
3 0 1 10 2 0
3 1 1 3 2 2
3 1 1 1 2 3
3 1 1 3 2 2
3 1 1 3 2 2
3 1 1 3 2 2
3 1 1 5 2 1
3 1 1 3 2 2
3 1 1 7 2 0
3 1 1 3 2 2
3 2 1 0 2 2
3 1 1 3 2 2
3 2 1 4 2 0
3 1 1 3 2 2
3 3 1 1 2 0
3 1 1 5 2 1
3 0 1 0 2 5
3 1 1 5 2 1
3 0 1 2 2 4
3 1 1 5 2 1
3 0 1 4 2 3
3 1 1 5 2 1
3 0 1 6 2 2
3 1 1 5 2 1
3 0 1 8 2 1
3 1 1 5 2 1
3 0 1 10 2 0
3 1 1 5 2 1
3 1 1 1 2 3
3 1 1 5 2 1
3 1 1 3 2 2
3 1 1 5 2 1
3 1 1 5 2 1
3 1 1 5 2 1
3 1 1 7 2 0
3 1 1 5 2 1
3 2 1 0 2 2
3 1 1 5 2 1
3 3 1 1 2 0
3 1 1 7 2 0
3 0 1 2 2 4
3 1 1 7 2 0
3 0 1 6 2 2
3 1 1 7 2 0
3 0 1 8 2 1
3 1 1 7 2 0
3 1 1 3 2 2
3 1 1 7 2 0
3 1 1 5 2 1
3 1 1 7 2 0
3 2 1 0 2 2
3 1 1 7 2 0
3 2 1 2 2 1
3 2 1 0 2 2
3 0 1 2 2 4
3 2 1 0 2 2
3 0 1 4 2 3
3 2 1 0 2 2
3 0 1 6 2 2
3 2 1 0 2 2
3 0 1 8 2 1
3 2 1 0 2 2
3 1 1 1 2 3
3 2 1 0 2 2
3 1 1 3 2 2
3 2 1 0 2 2
3 1 1 5 2 1
3 2 1 0 2 2
3 1 1 7 2 0
3 2 1 0 2 2
3 2 1 2 2 1
3 2 1 0 2 2
3 3 1 1 2 0
3 2 1 2 2 1
3 0 1 0 2 5
3 2 1 2 2 1
3 0 1 2 2 4
3 2 1 2 2 1
3 0 1 4 2 3
3 2 1 2 2 1
3 0 1 6 2 2
3 2 1 2 2 1
3 0 1 10 2 0
3 2 1 2 2 1
3 1 1 1 2 3
3 2 1 2 2 1
3 1 1 7 2 0
3 2 1 2 2 1
3 2 1 0 2 2
3 2 1 2 2 1
3 2 1 2 2 1
3 2 1 2 2 1
3 2 1 4 2 0
3 2 1 2 2 1
3 3 1 1 2 0
3 2 1 4 2 0
3 0 1 2 2 4
3 2 1 4 2 0
3 0 1 6 2 2
3 2 1 4 2 0
3 0 1 8 2 1
3 2 1 4 2 0
3 1 1 1 2 3
3 2 1 4 2 0
3 1 1 3 2 2
3 2 1 4 2 0
3 2 1 0 2 2
3 2 1 4 2 0
3 2 1 2 2 1
3 3 1 1 2 0
3 0 1 2 2 4
3 3 1 1 2 0
3 0 1 4 2 3
3 3 1 1 2 0
3 0 1 6 2 2
3 3 1 1 2 0
3 0 1 8 2 1
3 3 1 1 2 0
3 1 1 1 2 3
3 3 1 1 2 0
3 1 1 3 2 2
3 3 1 1 2 0
3 1 1 5 2 1
3 3 1 1 2 0
3 2 1 0 2 2
3 3 1 1 2 0
3 2 1 2 2 1
3 0 2 0 1 10
3 1 2 1 1 5
3 0 2 0 1 10
3 1 2 2 1 3
3 0 2 0 1 10
3 1 2 3 1 1
3 0 2 1 1 8
3 1 2 2 1 3
3 0 2 1 1 8
3 2 2 0 1 4
3 0 2 1 1 8
3 2 2 1 1 2
3 0 2 1 1 8
3 3 2 0 1 1
3 0 2 2 1 6
3 1 2 0 1 7
3 0 2 2 1 6
3 1 2 1 1 5
3 0 2 2 1 6
3 1 2 2 1 3
3 0 2 2 1 6
3 1 2 3 1 1
3 0 2 2 1 6
3 2 2 0 1 4
3 0 2 2 1 6
3 2 2 1 1 2
3 0 2 2 1 6
3 2 2 2 1 0
3 0 2 2 1 6
3 3 2 0 1 1
3 0 2 3 1 4
3 1 2 0 1 7
3 0 2 3 1 4
3 1 2 2 1 3
3 0 2 3 1 4
3 1 2 3 1 1
3 0 2 3 1 4
3 2 2 0 1 4
3 0 2 3 1 4
3 2 2 1 1 2
3 0 2 3 1 4
3 2 2 2 1 0
3 0 2 3 1 4
3 3 2 0 1 1
3 0 2 4 1 2
3 1 2 0 1 7
3 0 2 4 1 2
3 1 2 2 1 3
3 0 2 4 1 2
3 1 2 3 1 1
3 0 2 4 1 2
3 2 2 1 1 2
3 0 2 4 1 2
3 2 2 2 1 0
3 0 2 5 1 0
3 1 2 1 1 5
3 0 2 5 1 0
3 1 2 2 1 3
3 0 2 5 1 0
3 1 2 3 1 1
3 1 2 0 1 7
3 0 2 1 1 8
3 1 2 0 1 7
3 0 2 3 1 4
3 1 2 0 1 7
3 0 2 4 1 2
3 1 2 0 1 7
3 1 2 1 1 5
3 1 2 0 1 7
3 1 2 2 1 3
3 1 2 0 1 7
3 1 2 3 1 1
3 1 2 0 1 7
3 2 2 1 1 2
3 1 2 0 1 7
3 2 2 2 1 0
3 1 2 1 1 5
3 0 2 0 1 10
3 1 2 1 1 5
3 0 2 2 1 6
3 1 2 1 1 5
3 0 2 3 1 4
3 1 2 1 1 5
3 0 2 4 1 2
3 1 2 1 1 5
3 0 2 5 1 0
3 1 2 1 1 5
3 1 2 0 1 7
3 1 2 1 1 5
3 1 2 1 1 5
3 1 2 1 1 5
3 1 2 2 1 3
3 1 2 1 1 5
3 1 2 3 1 1
3 1 2 1 1 5
3 2 2 0 1 4
3 1 2 1 1 5
3 2 2 1 1 2
3 1 2 1 1 5
3 2 2 2 1 0
3 1 2 1 1 5
3 3 2 0 1 1
3 1 2 2 1 3
3 0 2 0 1 10
3 1 2 2 1 3
3 0 2 1 1 8
3 1 2 2 1 3
3 0 2 2 1 6
3 1 2 2 1 3
3 0 2 4 1 2
3 1 2 2 1 3
3 1 2 0 1 7
3 1 2 2 1 3
3 1 2 1 1 5
3 1 2 2 1 3
3 1 2 3 1 1
3 1 2 2 1 3
3 2 2 0 1 4
3 1 2 2 1 3
3 2 2 1 1 2
3 1 2 2 1 3
3 2 2 2 1 0
3 1 2 2 1 3
3 3 2 0 1 1
3 1 2 3 1 1
3 0 2 0 1 10
3 1 2 3 1 1
3 0 2 1 1 8
3 1 2 3 1 1
3 0 2 4 1 2
3 1 2 3 1 1
3 0 2 5 1 0
3 1 2 3 1 1
3 1 2 0 1 7
3 1 2 3 1 1
3 1 2 1 1 5
3 1 2 3 1 1
3 1 2 3 1 1
3 1 2 3 1 1
3 2 2 0 1 4
3 1 2 3 1 1
3 2 2 2 1 0
3 1 2 3 1 1
3 3 2 0 1 1
3 2 2 0 1 4
3 0 2 1 1 8
3 2 2 0 1 4
3 0 2 2 1 6
3 2 2 0 1 4
3 0 2 3 1 4
3 2 2 0 1 4
3 0 2 4 1 2
3 2 2 0 1 4
3 1 2 1 1 5
3 2 2 0 1 4
3 1 2 2 1 3
3 2 2 0 1 4
3 1 2 3 1 1
3 2 2 0 1 4
3 2 2 1 1 2
3 2 2 0 1 4
3 2 2 2 1 0
3 2 2 1 1 2
3 0 2 1 1 8
3 2 2 1 1 2
3 0 2 2 1 6
3 2 2 1 1 2
3 0 2 3 1 4
3 2 2 1 1 2
3 0 2 4 1 2
3 2 2 1 1 2
3 1 2 0 1 7
3 2 2 1 1 2
3 1 2 1 1 5
3 2 2 1 1 2
3 1 2 2 1 3
3 2 2 1 1 2
3 2 2 0 1 4
3 2 2 1 1 2
3 2 2 1 1 2
3 2 2 1 1 2
3 2 2 2 1 0
3 2 2 1 1 2
3 3 2 0 1 1
3 2 2 2 1 0
3 0 2 1 1 8
3 2 2 2 1 0
3 0 2 2 1 6
3 2 2 2 1 0
3 0 2 3 1 4
3 2 2 2 1 0
3 0 2 4 1 2
3 2 2 2 1 0
3 1 2 0 1 7
3 2 2 2 1 0
3 1 2 1 1 5
3 2 2 2 1 0
3 1 2 2 1 3
3 2 2 2 1 0
3 1 2 3 1 1
3 2 2 2 1 0
3 2 2 0 1 4
3 2 2 2 1 0
3 2 2 1 1 2
3 2 2 2 1 0
3 3 2 0 1 1
3 3 2 0 1 1
3 0 2 1 1 8
3 3 2 0 1 1
3 0 2 2 1 6
3 3 2 0 1 1
3 0 2 3 1 4
3 3 2 0 1 1
3 1 2 1 1 5
3 3 2 0 1 1
3 1 2 2 1 3
3 3 2 0 1 1
3 1 2 3 1 1
3 3 2 0 1 1
3 2 2 1 1 2
3 3 2 0 1 1
3 2 2 2 1 0
4 0 1 0 1 10
4 1 1 2 1 4
4 0 1 0 1 10
4 1 1 3 1 3
4 0 1 0 1 10
4 1 1 4 1 2
4 0 1 0 1 10
4 1 1 5 1 1
4 0 1 0 1 10
4 2 1 1 1 1
4 0 1 1 1 9
4 1 1 0 1 6
4 0 1 1 1 9
4 1 1 1 1 5
4 0 1 1 1 9
4 1 1 2 1 4
4 0 1 1 1 9
4 1 1 3 1 3
4 0 1 1 1 9
4 1 1 4 1 2
4 0 1 1 1 9
4 1 1 5 1 1
4 0 1 1 1 9
4 1 1 6 1 0
4 0 1 1 1 9
4 2 1 0 1 2
4 0 1 1 1 9
4 2 1 2 1 0
4 0 1 2 1 8
4 1 1 0 1 6
4 0 1 2 1 8
4 1 1 2 1 4
4 0 1 2 1 8
4 1 1 3 1 3
4 0 1 2 1 8
4 1 1 4 1 2
4 0 1 2 1 8
4 1 1 5 1 1
4 0 1 2 1 8
4 1 1 6 1 0
4 0 1 2 1 8
4 2 1 0 1 2
4 0 1 2 1 8
4 2 1 1 1 1
4 0 1 2 1 8
4 2 1 2 1 0
4 0 1 3 1 7
4 1 1 1 1 5
4 0 1 3 1 7
4 1 1 2 1 4
4 0 1 3 1 7
4 1 1 4 1 2
4 0 1 3 1 7
4 1 1 6 1 0
4 0 1 3 1 7
4 2 1 0 1 2
4 0 1 3 1 7
4 2 1 1 1 1
4 0 1 3 1 7
4 2 1 2 1 0
4 0 1 4 1 6
4 1 1 0 1 6
4 0 1 4 1 6
4 1 1 1 1 5
4 0 1 4 1 6
4 1 1 2 1 4
4 0 1 4 1 6
4 1 1 3 1 3
4 0 1 4 1 6
4 1 1 5 1 1
4 0 1 4 1 6
4 2 1 0 1 2
4 0 1 4 1 6
4 2 1 1 1 1
4 0 1 4 1 6
4 2 1 2 1 0
4 0 1 5 1 5
4 1 1 0 1 6
4 0 1 5 1 5
4 1 1 2 1 4
4 0 1 5 1 5
4 1 1 3 1 3
4 0 1 5 1 5
4 1 1 5 1 1
4 0 1 5 1 5
4 1 1 6 1 0
4 0 1 5 1 5
4 2 1 0 1 2
4 0 1 5 1 5
4 2 1 1 1 1
4 0 1 5 1 5
4 2 1 2 1 0
4 0 1 6 1 4
4 1 1 0 1 6
4 0 1 6 1 4
4 1 1 1 1 5
4 0 1 6 1 4
4 1 1 2 1 4
4 0 1 6 1 4
4 1 1 3 1 3
4 0 1 6 1 4
4 1 1 4 1 2
4 0 1 6 1 4
4 1 1 5 1 1
4 0 1 6 1 4
4 2 1 0 1 2
4 0 1 6 1 4
4 2 1 2 1 0
4 0 1 7 1 3
4 1 1 0 1 6
4 0 1 7 1 3
4 1 1 1 1 5
4 0 1 7 1 3
4 1 1 2 1 4
4 0 1 7 1 3
4 1 1 3 1 3
4 0 1 7 1 3
4 1 1 4 1 2
4 0 1 7 1 3
4 1 1 5 1 1
4 0 1 7 1 3
4 1 1 6 1 0
4 0 1 7 1 3
4 2 1 0 1 2
4 0 1 7 1 3
4 2 1 1 1 1
4 0 1 7 1 3
4 2 1 2 1 0
4 0 1 8 1 2
4 1 1 0 1 6
4 0 1 8 1 2
4 1 1 1 1 5
4 0 1 8 1 2
4 1 1 2 1 4
4 0 1 8 1 2
4 1 1 3 1 3
4 0 1 8 1 2
4 1 1 4 1 2
4 0 1 8 1 2
4 1 1 5 1 1
4 0 1 8 1 2
4 1 1 6 1 0
4 0 1 8 1 2
4 2 1 0 1 2
4 0 1 8 1 2
4 2 1 1 1 1
4 0 1 8 1 2
4 2 1 2 1 0
4 0 1 9 1 1
4 1 1 0 1 6
4 0 1 9 1 1
4 1 1 1 1 5
4 0 1 9 1 1
4 1 1 2 1 4
4 0 1 9 1 1
4 1 1 3 1 3
4 0 1 9 1 1
4 1 1 4 1 2
4 0 1 9 1 1
4 1 1 5 1 1
4 0 1 9 1 1
4 1 1 6 1 0
4 0 1 9 1 1
4 2 1 0 1 2
4 0 1 9 1 1
4 2 1 1 1 1
4 0 1 9 1 1
4 2 1 2 1 0
4 0 1 10 1 0
4 1 1 1 1 5
4 0 1 10 1 0
4 1 1 2 1 4
4 0 1 10 1 0
4 1 1 3 1 3
4 0 1 10 1 0
4 1 1 4 1 2
4 0 1 10 1 0
4 1 1 5 1 1
4 1 1 0 1 6
4 0 1 1 1 9
4 1 1 0 1 6
4 0 1 2 1 8
4 1 1 0 1 6
4 0 1 3 1 7
4 1 1 0 1 6
4 0 1 4 1 6
4 1 1 0 1 6
4 0 1 5 1 5
4 1 1 0 1 6
4 0 1 6 1 4
4 1 1 0 1 6
4 0 1 7 1 3
4 1 1 0 1 6
4 0 1 8 1 2
4 1 1 0 1 6
4 0 1 9 1 1
4 1 1 0 1 6
4 1 1 1 1 5
4 1 1 0 1 6
4 1 1 2 1 4
4 1 1 0 1 6
4 1 1 3 1 3
4 1 1 0 1 6
4 1 1 4 1 2
4 1 1 0 1 6
4 1 1 5 1 1
4 1 1 0 1 6
4 1 1 6 1 0
4 1 1 0 1 6
4 2 1 1 1 1
4 1 1 0 1 6
4 2 1 2 1 0
4 1 1 1 1 5
4 0 1 1 1 9
4 1 1 1 1 5
4 0 1 2 1 8
4 1 1 1 1 5
4 0 1 3 1 7
4 1 1 1 1 5
4 0 1 4 1 6
4 1 1 1 1 5
4 0 1 6 1 4
4 1 1 1 1 5
4 0 1 7 1 3
4 1 1 1 1 5
4 0 1 8 1 2
4 1 1 1 1 5
4 0 1 9 1 1
4 1 1 1 1 5
4 0 1 10 1 0
4 1 1 1 1 5
4 1 1 0 1 6
4 1 1 1 1 5
4 1 1 1 1 5
4 1 1 1 1 5
4 1 1 2 1 4
4 1 1 1 1 5
4 1 1 3 1 3
4 1 1 1 1 5
4 1 1 5 1 1
4 1 1 1 1 5
4 1 1 6 1 0
4 1 1 1 1 5
4 2 1 0 1 2
4 1 1 1 1 5
4 2 1 2 1 0
4 1 1 2 1 4
4 0 1 0 1 10
4 1 1 2 1 4
4 0 1 1 1 9
4 1 1 2 1 4
4 0 1 3 1 7
4 1 1 2 1 4
4 0 1 4 1 6
4 1 1 2 1 4
4 0 1 5 1 5
4 1 1 2 1 4
4 0 1 6 1 4
4 1 1 2 1 4
4 0 1 7 1 3
4 1 1 2 1 4
4 0 1 9 1 1
4 1 1 2 1 4
4 0 1 10 1 0
4 1 1 2 1 4
4 1 1 0 1 6
4 1 1 2 1 4
4 1 1 1 1 5
4 1 1 2 1 4
4 1 1 2 1 4
4 1 1 2 1 4
4 1 1 3 1 3
4 1 1 2 1 4
4 1 1 4 1 2
4 1 1 2 1 4
4 1 1 5 1 1
4 1 1 2 1 4
4 2 1 0 1 2
4 1 1 2 1 4
4 2 1 2 1 0
4 1 1 3 1 3
4 0 1 0 1 10
4 1 1 3 1 3
4 0 1 1 1 9
4 1 1 3 1 3
4 0 1 2 1 8
4 1 1 3 1 3
4 0 1 3 1 7
4 1 1 3 1 3
4 0 1 4 1 6
4 1 1 3 1 3
4 0 1 5 1 5
4 1 1 3 1 3
4 0 1 6 1 4
4 1 1 3 1 3
4 0 1 7 1 3
4 1 1 3 1 3
4 0 1 8 1 2
4 1 1 3 1 3
4 0 1 9 1 1
4 1 1 3 1 3
4 1 1 0 1 6
4 1 1 3 1 3
4 1 1 1 1 5
4 1 1 3 1 3
4 1 1 2 1 4
4 1 1 3 1 3
4 1 1 3 1 3
4 1 1 3 1 3
4 1 1 4 1 2
4 1 1 3 1 3
4 1 1 5 1 1
4 1 1 3 1 3
4 1 1 6 1 0
4 1 1 3 1 3
4 2 1 0 1 2
4 1 1 3 1 3
4 2 1 1 1 1
4 1 1 3 1 3
4 2 1 2 1 0
4 1 1 4 1 2
4 0 1 0 1 10
4 1 1 4 1 2
4 0 1 2 1 8
4 1 1 4 1 2
4 0 1 3 1 7
4 1 1 4 1 2
4 0 1 5 1 5
4 1 1 4 1 2
4 0 1 6 1 4
4 1 1 4 1 2
4 0 1 7 1 3
4 1 1 4 1 2
4 0 1 8 1 2
4 1 1 4 1 2
4 0 1 9 1 1
4 1 1 4 1 2
4 1 1 0 1 6
4 1 1 4 1 2
4 1 1 2 1 4
4 1 1 4 1 2
4 1 1 3 1 3
4 1 1 4 1 2
4 1 1 4 1 2
4 1 1 4 1 2
4 1 1 6 1 0
4 1 1 4 1 2
4 2 1 0 1 2
4 1 1 4 1 2
4 2 1 1 1 1
4 1 1 4 1 2
4 2 1 2 1 0
4 1 1 5 1 1
4 0 1 1 1 9
4 1 1 5 1 1
4 0 1 2 1 8
4 1 1 5 1 1
4 0 1 3 1 7
4 1 1 5 1 1
4 0 1 4 1 6
4 1 1 5 1 1
4 0 1 5 1 5
4 1 1 5 1 1
4 0 1 6 1 4
4 1 1 5 1 1
4 0 1 7 1 3
4 1 1 5 1 1
4 0 1 8 1 2
4 1 1 5 1 1
4 0 1 9 1 1
4 1 1 5 1 1
4 0 1 10 1 0
4 1 1 5 1 1
4 1 1 0 1 6
4 1 1 5 1 1
4 1 1 1 1 5
4 1 1 5 1 1
4 1 1 2 1 4
4 1 1 5 1 1
4 1 1 3 1 3
4 1 1 5 1 1
4 1 1 4 1 2
4 1 1 5 1 1
4 1 1 5 1 1
4 1 1 5 1 1
4 1 1 6 1 0
4 1 1 5 1 1
4 2 1 0 1 2
4 1 1 5 1 1
4 2 1 1 1 1
4 1 1 5 1 1
4 2 1 2 1 0
4 1 1 6 1 0
4 0 1 1 1 9
4 1 1 6 1 0
4 0 1 2 1 8
4 1 1 6 1 0
4 0 1 3 1 7
4 1 1 6 1 0
4 0 1 5 1 5
4 1 1 6 1 0
4 0 1 6 1 4
4 1 1 6 1 0
4 0 1 7 1 3
4 1 1 6 1 0
4 0 1 8 1 2
4 1 1 6 1 0
4 0 1 9 1 1
4 1 1 6 1 0
4 1 1 0 1 6
4 1 1 6 1 0
4 1 1 1 1 5
4 1 1 6 1 0
4 1 1 3 1 3
4 1 1 6 1 0
4 1 1 4 1 2
4 1 1 6 1 0
4 1 1 5 1 1
4 1 1 6 1 0
4 2 1 0 1 2
4 2 1 0 1 2
4 0 1 1 1 9
4 2 1 0 1 2
4 0 1 2 1 8
4 2 1 0 1 2
4 0 1 3 1 7
4 2 1 0 1 2
4 0 1 4 1 6
4 2 1 0 1 2
4 0 1 5 1 5
4 2 1 0 1 2
4 0 1 6 1 4
4 2 1 0 1 2
4 0 1 7 1 3
4 2 1 0 1 2
4 0 1 8 1 2
4 2 1 0 1 2
4 0 1 9 1 1
4 2 1 0 1 2
4 1 1 1 1 5
4 2 1 0 1 2
4 1 1 2 1 4
4 2 1 0 1 2
4 1 1 3 1 3
4 2 1 0 1 2
4 1 1 4 1 2
4 2 1 0 1 2
4 1 1 5 1 1
4 2 1 0 1 2
4 1 1 6 1 0
4 2 1 0 1 2
4 2 1 1 1 1
4 2 1 0 1 2
4 2 1 2 1 0
4 2 1 1 1 1
4 0 1 0 1 10
4 2 1 1 1 1
4 0 1 2 1 8
4 2 1 1 1 1
4 0 1 3 1 7
4 2 1 1 1 1
4 0 1 4 1 6
4 2 1 1 1 1
4 0 1 5 1 5
4 2 1 1 1 1
4 0 1 7 1 3
4 2 1 1 1 1
4 0 1 8 1 2
4 2 1 1 1 1
4 0 1 9 1 1
4 2 1 1 1 1
4 1 1 0 1 6
4 2 1 1 1 1
4 1 1 1 1 5
4 2 1 1 1 1
4 1 1 3 1 3
4 2 1 1 1 1
4 1 1 4 1 2
4 2 1 1 1 1
4 1 1 5 1 1
4 2 1 1 1 1
4 1 1 6 1 0
4 2 1 1 1 1
4 2 1 0 1 2
4 2 1 1 1 1
4 2 1 1 1 1
4 2 1 1 1 1
4 2 1 2 1 0
4 2 1 2 1 0
4 0 1 1 1 9
4 2 1 2 1 0
4 0 1 3 1 7
4 2 1 2 1 0
4 0 1 4 1 6
4 2 1 2 1 0
4 0 1 5 1 5
4 2 1 2 1 0
4 0 1 6 1 4
4 2 1 2 1 0
4 0 1 7 1 3
4 2 1 2 1 0
4 0 1 8 1 2
4 2 1 2 1 0
4 0 1 9 1 1
4 2 1 2 1 0
4 1 1 0 1 6
4 2 1 2 1 0
4 1 1 1 1 5
4 2 1 2 1 0
4 1 1 2 1 4
4 2 1 2 1 0
4 1 1 3 1 3
4 2 1 2 1 0
4 1 1 4 1 2
4 2 1 2 1 0
4 1 1 5 1 1
4 2 1 2 1 0
4 2 1 0 1 2
4 2 1 2 1 0
4 2 1 1 1 1
1 0 2 1 4 2
1 2 2 0 4 2
1 0 2 1 4 2
1 2 2 2 4 1
1 0 2 1 4 2
1 4 2 1 4 1
1 0 2 1 4 2
1 4 2 3 4 0
1 0 2 1 4 2
1 6 2 0 4 1
1 0 2 1 4 2
1 6 2 2 4 0
1 0 2 1 4 2
1 8 2 1 4 0
1 0 2 3 4 1
1 2 2 0 4 2
1 0 2 3 4 1
1 4 2 1 4 1
1 0 2 3 4 1
1 4 2 3 4 0
1 0 2 3 4 1
1 6 2 0 4 1
1 0 2 3 4 1
1 6 2 2 4 0
1 0 2 3 4 1
1 8 2 1 4 0
1 0 2 5 4 0
1 2 2 2 4 1
1 2 2 0 4 2
1 0 2 1 4 2
1 2 2 0 4 2
1 0 2 3 4 1
1 2 2 0 4 2
1 2 2 2 4 1
1 2 2 0 4 2
1 2 2 4 4 0
1 2 2 0 4 2
1 4 2 1 4 1
1 2 2 0 4 2
1 4 2 3 4 0
1 2 2 0 4 2
1 8 2 1 4 0
1 2 2 2 4 1
1 0 2 1 4 2
1 2 2 2 4 1
1 0 2 3 4 1
1 2 2 2 4 1
1 0 2 5 4 0
1 2 2 2 4 1
1 2 2 0 4 2
1 2 2 2 4 1
1 2 2 2 4 1
1 2 2 2 4 1
1 2 2 4 4 0
1 2 2 2 4 1
1 4 2 1 4 1
1 2 2 2 4 1
1 4 2 3 4 0
1 2 2 2 4 1
1 6 2 0 4 1
1 2 2 2 4 1
1 6 2 2 4 0
1 2 2 2 4 1
1 8 2 1 4 0
1 2 2 2 4 1
1 10 2 0 4 0
1 2 2 4 4 0
1 2 2 0 4 2
1 2 2 4 4 0
1 2 2 2 4 1
1 2 2 4 4 0
1 4 2 1 4 1
1 2 2 4 4 0
1 6 2 0 4 1
1 4 2 1 4 1
1 0 2 3 4 1
1 4 2 1 4 1
1 2 2 0 4 2
1 4 2 1 4 1
1 2 2 2 4 1
1 4 2 1 4 1
1 2 2 4 4 0
1 4 2 1 4 1
1 4 2 1 4 1
1 4 2 1 4 1
1 4 2 3 4 0
1 4 2 1 4 1
1 6 2 0 4 1
1 4 2 1 4 1
1 6 2 2 4 0
1 4 2 1 4 1
1 8 2 1 4 0
1 4 2 1 4 1
1 10 2 0 4 0
1 4 2 3 4 0
1 0 2 1 4 2
1 4 2 3 4 0
1 2 2 0 4 2
1 4 2 3 4 0
1 2 2 2 4 1
1 4 2 3 4 0
1 4 2 1 4 1
1 4 2 3 4 0
1 6 2 0 4 1
1 6 2 0 4 1
1 0 2 1 4 2
1 6 2 0 4 1
1 0 2 3 4 1
1 6 2 0 4 1
1 2 2 2 4 1
1 6 2 0 4 1
1 2 2 4 4 0
1 6 2 0 4 1
1 4 2 1 4 1
1 6 2 0 4 1
1 4 2 3 4 0
1 6 2 0 4 1
1 6 2 2 4 0
1 6 2 0 4 1
1 8 2 1 4 0
1 6 2 2 4 0
1 0 2 1 4 2
1 6 2 2 4 0
1 0 2 3 4 1
1 6 2 2 4 0
1 2 2 2 4 1
1 6 2 2 4 0
1 4 2 1 4 1
1 6 2 2 4 0
1 6 2 0 4 1
1 8 2 1 4 0
1 0 2 1 4 2
1 8 2 1 4 0
1 0 2 3 4 1
1 8 2 1 4 0
1 2 2 0 4 2
1 8 2 1 4 0
1 2 2 2 4 1
1 8 2 1 4 0
1 4 2 1 4 1
1 8 2 1 4 0
1 6 2 0 4 1
1 10 2 0 4 0
1 2 2 2 4 1
1 10 2 0 4 0
1 4 2 1 4 1
1 1 3 0 3 3
1 1 3 1 3 2
1 1 3 0 3 3
1 1 3 2 3 1
1 1 3 0 3 3
1 1 3 3 3 0
1 1 3 0 3 3
1 4 3 2 3 0
1 1 3 0 3 3
1 7 3 1 3 0
1 1 3 1 3 2
1 1 3 0 3 3
1 1 3 1 3 2
1 1 3 1 3 2
1 1 3 1 3 2
1 1 3 2 3 1
1 1 3 1 3 2
1 1 3 3 3 0
1 1 3 1 3 2
1 4 3 0 3 2
1 1 3 1 3 2
1 4 3 1 3 1
1 1 3 1 3 2
1 4 3 2 3 0
1 1 3 1 3 2
1 10 3 0 3 0
1 1 3 2 3 1
1 1 3 0 3 3
1 1 3 2 3 1
1 1 3 1 3 2
1 1 3 2 3 1
1 1 3 2 3 1
1 1 3 2 3 1
1 1 3 3 3 0
1 1 3 2 3 1
1 4 3 0 3 2
1 1 3 2 3 1
1 4 3 1 3 1
1 1 3 2 3 1
1 4 3 2 3 0
1 1 3 2 3 1
1 7 3 0 3 1
1 1 3 2 3 1
1 10 3 0 3 0
1 1 3 3 3 0
1 1 3 0 3 3
1 1 3 3 3 0
1 1 3 1 3 2
1 1 3 3 3 0
1 1 3 2 3 1
1 1 3 3 3 0
1 4 3 0 3 2
1 1 3 3 3 0
1 4 3 1 3 1
1 1 3 3 3 0
1 7 3 0 3 1
1 4 3 0 3 2
1 1 3 1 3 2
1 4 3 0 3 2
1 1 3 2 3 1
1 4 3 0 3 2
1 1 3 3 3 0
1 4 3 0 3 2
1 4 3 1 3 1
1 4 3 0 3 2
1 4 3 2 3 0
1 4 3 0 3 2
1 7 3 1 3 0
1 4 3 1 3 1
1 1 3 1 3 2
1 4 3 1 3 1
1 1 3 2 3 1
1 4 3 1 3 1
1 1 3 3 3 0
1 4 3 1 3 1
1 4 3 0 3 2
1 4 3 1 3 1
1 4 3 1 3 1
1 4 3 1 3 1
1 4 3 2 3 0
1 4 3 1 3 1
1 7 3 0 3 1
1 4 3 1 3 1
1 7 3 1 3 0
1 4 3 1 3 1
1 10 3 0 3 0
1 4 3 2 3 0
1 1 3 0 3 3
1 4 3 2 3 0
1 1 3 1 3 2
1 4 3 2 3 0
1 4 3 0 3 2
1 4 3 2 3 0
1 4 3 1 3 1
1 4 3 2 3 0
1 7 3 0 3 1
1 7 3 0 3 1
1 1 3 2 3 1
1 7 3 0 3 1
1 1 3 3 3 0
1 7 3 0 3 1
1 4 3 1 3 1
1 7 3 0 3 1
1 4 3 2 3 0
1 7 3 1 3 0
1 1 3 0 3 3
1 7 3 1 3 0
1 1 3 2 3 1
1 7 3 1 3 0
1 4 3 1 3 1
1 7 3 1 3 0
1 7 3 0 3 1
1 10 3 0 3 0
1 1 3 1 3 2
1 10 3 0 3 0
1 1 3 2 3 1
1 10 3 0 3 0
1 4 3 1 3 1
1 0 4 0 2 5
1 2 4 1 2 2
1 0 4 0 2 5
1 4 4 1 2 1
1 0 4 1 2 3
1 2 4 0 2 4
1 0 4 1 2 3
1 2 4 1 2 2
1 0 4 1 2 3
1 2 4 2 2 0
1 0 4 1 2 3
1 4 4 0 2 3
1 0 4 1 2 3
1 6 4 0 2 2
1 0 4 1 2 3
1 6 4 1 2 0
1 0 4 1 2 3
1 8 4 0 2 1
1 0 4 2 2 1
1 2 4 0 2 4
1 0 4 2 2 1
1 2 4 1 2 2
1 0 4 2 2 1
1 2 4 2 2 0
1 0 4 2 2 1
1 4 4 1 2 1
1 0 4 2 2 1
1 6 4 0 2 2
1 0 4 2 2 1
1 6 4 1 2 0
1 0 4 2 2 1
1 8 4 0 2 1
1 2 4 0 2 4
1 0 4 1 2 3
1 2 4 0 2 4
1 2 4 1 2 2
1 2 4 0 2 4
1 2 4 2 2 0
1 2 4 0 2 4
1 4 4 1 2 1
1 2 4 0 2 4
1 6 4 1 2 0
1 2 4 1 2 2
1 0 4 0 2 5
1 2 4 1 2 2
1 0 4 1 2 3
1 2 4 1 2 2
1 0 4 2 2 1
1 2 4 1 2 2
1 2 4 0 2 4
1 2 4 1 2 2
1 2 4 1 2 2
1 2 4 1 2 2
1 2 4 2 2 0
1 2 4 1 2 2
1 4 4 0 2 3
1 2 4 1 2 2
1 6 4 0 2 2
1 2 4 1 2 2
1 6 4 1 2 0
1 2 4 1 2 2
1 8 4 0 2 1
1 2 4 2 2 0
1 0 4 1 2 3
1 2 4 2 2 0
1 0 4 2 2 1
1 2 4 2 2 0
1 2 4 0 2 4
1 2 4 2 2 0
1 2 4 1 2 2
1 2 4 2 2 0
1 4 4 0 2 3
1 2 4 2 2 0
1 6 4 0 2 2
1 2 4 2 2 0
1 8 4 0 2 1
1 4 4 0 2 3
1 0 4 1 2 3
1 4 4 0 2 3
1 2 4 1 2 2
1 4 4 0 2 3
1 4 4 1 2 1
1 4 4 0 2 3
1 6 4 1 2 0
1 4 4 1 2 1
1 0 4 0 2 5
1 4 4 1 2 1
1 0 4 1 2 3
1 4 4 1 2 1
1 2 4 0 2 4
1 4 4 1 2 1
1 2 4 2 2 0
1 4 4 1 2 1
1 4 4 0 2 3
1 4 4 1 2 1
1 4 4 1 2 1
1 4 4 1 2 1
1 6 4 0 2 2
1 4 4 1 2 1
1 6 4 1 2 0
1 4 4 1 2 1
1 8 4 0 2 1
1 4 4 1 2 1
1 10 4 0 2 0
1 6 4 0 2 2
1 0 4 1 2 3
1 6 4 0 2 2
1 0 4 2 2 1
1 6 4 0 2 2
1 2 4 1 2 2
1 6 4 0 2 2
1 2 4 2 2 0
1 6 4 0 2 2
1 4 4 1 2 1
1 6 4 1 2 0
1 0 4 1 2 3
1 6 4 1 2 0
1 0 4 2 2 1
1 6 4 1 2 0
1 2 4 0 2 4
1 6 4 1 2 0
1 2 4 1 2 2
1 6 4 1 2 0
1 4 4 0 2 3
1 6 4 1 2 0
1 4 4 1 2 1
1 6 4 1 2 0
1 6 4 0 2 2
1 8 4 0 2 1
1 0 4 1 2 3
1 8 4 0 2 1
1 0 4 2 2 1
1 8 4 0 2 1
1 2 4 2 2 0
1 8 4 0 2 1
1 4 4 1 2 1
1 10 4 0 2 0
1 4 4 1 2 1
2 0 1 2 4 2
2 1 1 0 4 2
2 0 1 2 4 2
2 2 1 2 4 1
2 0 1 2 4 2
2 2 1 6 4 0
2 0 1 2 4 2
2 3 1 0 4 1
2 0 1 2 4 2
2 3 1 4 4 0
2 0 1 6 4 1
2 1 1 0 4 2
2 0 1 6 4 1
2 1 1 4 4 1
2 0 1 6 4 1
2 1 1 8 4 0
2 0 1 6 4 1
2 2 1 2 4 1
2 0 1 6 4 1
2 2 1 6 4 0
2 0 1 6 4 1
2 3 1 0 4 1
2 0 1 6 4 1
2 3 1 4 4 0
2 0 1 6 4 1
2 4 1 2 4 0
2 0 1 10 4 0
2 1 1 4 4 1
2 0 1 10 4 0
2 2 1 2 4 1
2 1 1 0 4 2
2 0 1 2 4 2
2 1 1 0 4 2
2 0 1 6 4 1
2 1 1 0 4 2
2 1 1 4 4 1
2 1 1 0 4 2
2 1 1 8 4 0
2 1 1 0 4 2
2 2 1 2 4 1
2 1 1 0 4 2
2 2 1 6 4 0
2 1 1 0 4 2
2 3 1 4 4 0
2 1 1 0 4 2
2 4 1 2 4 0
2 1 1 4 4 1
2 0 1 2 4 2
2 1 1 4 4 1
2 0 1 6 4 1
2 1 1 4 4 1
2 0 1 10 4 0
2 1 1 4 4 1
2 1 1 0 4 2
2 1 1 4 4 1
2 1 1 4 4 1
2 1 1 4 4 1
2 1 1 8 4 0
2 1 1 4 4 1
2 2 1 2 4 1
2 1 1 4 4 1
2 3 1 0 4 1
2 1 1 4 4 1
2 3 1 4 4 0
2 1 1 4 4 1
2 4 1 2 4 0
